
Runtime summary
                          comm  parent   sched-in     run-time    min-run     avg-run     max-run  stddev  migrations
                                          (count)       (msec)     (msec)      (msec)      (msec)       %
---------------------------------------------------------------------------------------------------------------------
                    systemd[1]       0         14        2.625      0.088       0.187       0.374   11.78       0
             migration/40[257]       2         52        0.415      0.003       0.007       0.041    9.16       0
                   kthreadd[2]       0          2        0.222      0.110       0.111       0.111    0.66       0
             migration/83[515]       2         52        0.469      0.008       0.009       0.043    7.49       0
          kworker/24:1-mm[771]       2          2        0.031      0.013       0.015       0.017   12.22       0
              agent[6659/3163]    3163          3        3.237      0.014       1.079       1.705   49.59       0
              agent[4358/3163]    3163          2        1.211      0.413       0.605       0.797   31.65       0
             migration/41[263]       2         52        0.403      0.003       0.007       0.041    9.45       0
          kworker/28:1-mm[775]       2        345       11.264      0.004       0.032       0.144    4.26       0
          kworker/30:1-ev[776]       2        577        6.438      0.002       0.011       0.266    6.37       0
             migration/84[521]       2         52        0.398      0.002       0.007       0.043   10.00       0
          kworker/29:1-ev[777]       2        865        8.668      0.001       0.010       0.094    4.23       0
            dockerd[4361/2411]    2411         77        6.749      0.012       0.087       1.192   19.74       0
           kworker/u224:0-[10]       2       2302     3490.950      0.008       1.516      43.666    2.29       0
          kworker/31:1-mm[778]       2        310        2.844      0.002       0.009       0.066    7.07       0
              irqbalance[2314]       1         20      182.732      8.975       9.136       9.339    0.32       0
         containerd[4362/2345]    2345        500       31.546      0.012       0.063       1.912    6.47       0
          kworker/32:1-mm[779]       2        115        0.591      0.002       0.005       0.019    6.14       0
          kworker/33:1-mm[780]       2        193        1.384      0.002       0.007       0.131   10.53       0
         jbd2/nvme0n1p2-[1548]       2         97        7.649      0.004       0.078       0.948   16.47       0
            dockerd[4364/2411]    2411          9        3.391      0.011       0.376       1.731   57.88       0
             migration/42[269]       2         52        0.453      0.003       0.008       0.041    8.07       0
          kworker/34:1-mm[781]       2         45        0.270      0.002       0.006       0.018    7.58       0
              agent[4365/3163]    3163          3        1.229      0.120       0.409       0.953   66.44       0
               ksoftirqd/0[14]       2        107        1.645      0.008       0.015       0.104    6.49       0
          kworker/35:1-mm[782]       2        326        2.522      0.002       0.007       0.063    5.15       0
                   gmond[2318]       1         28       11.896      0.053       0.424       1.262   16.95       0
                 rcu_sched[15]       2       2023       31.415      0.004       0.015       0.045    0.63       0
             migration/85[527]       2         52        0.382      0.002       0.007       0.041   15.00       0
          kworker/36:1-mm[783]       2         43        0.393      0.002       0.009       0.046   13.13       0
         kworker/30:1H-k[1295]       2          5        0.536      0.094       0.107       0.144    8.64       0
         networkd-dispat[2319]       1          1        0.607      0.607       0.607       0.607    0.00       0
               migration/0[16]       2         53        0.483      0.008       0.009       0.040    6.68       0
          kworker/37:1-mm[784]       2         31        0.217      0.002       0.007       0.030   14.31       0
        kworker/79:0-mm[90640]       2          7        0.113      0.013       0.016       0.019    4.93       0
          kworker/38:1-mm[785]       2         28        0.205      0.003       0.007       0.030   16.01       0
         containerd[5905/2345]    2345         26        3.188      0.028       0.122       0.896   33.36       0
          kworker/39:1-mm[786]       2         37        0.248      0.002       0.006       0.025   14.66       0
             migration/43[275]       2         52        0.448      0.003       0.008       0.041    8.23       0
          kworker/40:1-mm[787]       2         23        0.204      0.003       0.008       0.026   16.31       0
                  smartd[2323]       1          9        0.531      0.017       0.059       0.158   24.14       0
       kworker/64:1-mm[145427]       2          9        0.194      0.006       0.021       0.042   19.03       0
          kworker/41:1-mm[788]       2         22        0.162      0.003       0.007       0.020   13.14       0
                  screen[7700]       1          7        2.280      0.050       0.325       1.421   58.65       0
       kworker/61:2-mm[145428]       2          3        0.071      0.014       0.023       0.031   21.88       0
       kworker/u228:1-[571668]       2         11        0.265      0.010       0.024       0.032   11.79       0
             migration/86[533]       2         52        0.364      0.003       0.007       0.042   11.11       0
          kworker/42:1-mm[789]       2         17        4.073      0.003       0.239       3.960   97.06       0
            dockerd[4629/2411]    2411         90        4.747      0.017       0.052       0.432   11.34       0
               migration/1[22]       2         53        0.484      0.008       0.009       0.045    7.60       0
          kworker/43:1-mm[790]       2         20        0.210      0.003       0.010       0.036   17.35       0
          kworker/44:1-mm[791]       2        164        2.539      0.002       0.015       0.076    7.40       0
              snapd[2583/2327]    2327          2        0.784      0.257       0.392       0.526   34.22       0
          kworker/45:1-mm[792]       2         81        1.056      0.003       0.013       0.047    5.72       0
              snapd[2584/2327]    2327          1        1.137      1.137       1.137       1.137    0.00       0
             migration/44[281]       2         52        0.507      0.006       0.009       0.042    6.59       0
          kworker/46:1-mm[793]       2        254        7.691      0.002       0.030       0.090    5.37       0
          systemd-logind[2329]       1          3        0.440      0.110       0.146       0.202   19.24       0
              snapd[2585/2327]    2327          6        2.831      0.016       0.471       1.947   67.08       0
         kworker/82:0-ev[4633]       2        111        4.718      0.007       0.042       0.060    2.49       0
          kworker/47:1-mm[794]       2         22        0.249      0.003       0.011       0.025   13.13       0
             migration/87[539]       2         52        0.257      0.002       0.004       0.017    7.40       0
          kworker/48:1-mm[795]       2         15        0.115      0.003       0.007       0.019   17.45       0
               migration/2[28]       2         53        0.468      0.003       0.008       0.038    6.57       0
          kworker/49:1-mm[796]       2         15        0.135      0.003       0.009       0.018   15.65       0
          kworker/50:1-mm[797]       2         14        0.131      0.003       0.009       0.020   18.08       0
         kworker/63:1H-k[1565]       2          5        0.137      0.023       0.027       0.037    9.76       0
                 udisksd[2333]       1          3        0.292      0.041       0.097       0.205   54.97       0
            dockerd[4381/2411]    2411          2        1.109      0.053       0.554       1.056   90.37       0
          kworker/51:1-mm[798]       2         18        0.141      0.002       0.007       0.017   16.15       0
             migration/45[287]       2         52        0.446      0.003       0.008       0.040    7.88       0
          kworker/52:1-mm[799]       2         51        0.534      0.002       0.010       0.020    7.61       0
          kworker/53:1-mm[800]       2         33        0.439      0.003       0.013       0.029    7.27       0
              snapd[2592/2327]    2327          2        1.691      0.049       0.845       1.642   94.14       0
             migration/88[545]       2         52        0.393      0.003       0.007       0.041    9.76       0
          kworker/54:1-mm[801]       2         10        0.120      0.003       0.012       0.031   22.87       0
            dockerd[4385/2411]    2411          2        2.715      1.266       1.357       1.449    6.74       0
               migration/3[34]       2         53        0.484      0.008       0.009       0.041    6.91       0
          kworker/55:1-mm[802]       2         44        0.288      0.002       0.006       0.047   18.59       0
    containerd-shim[4387/3143]    3143         37        6.503      0.007       0.175       0.859   26.09       0
             migration/46[293]       2         52        0.489      0.003       0.009       0.041    6.81       0
             migration/89[551]       2         52        0.458      0.003       0.008       0.041    7.66       0
               migration/4[40]       2         53        0.477      0.008       0.009       0.041    7.01       0
             migration/47[299]       2         52        0.467      0.003       0.008       0.041    7.61       0
             migration/90[557]       2         52        0.350      0.003       0.006       0.040   11.10       0
               migration/5[46]       2         53        0.497      0.008       0.009       0.041    7.82       0
             migration/48[305]       2         52        0.475      0.003       0.009       0.041    7.48       0
            dockerd[4657/2411]    2411          2        2.890      1.239       1.445       1.650   14.21       0
              gdbus[2610/2333]    2333          1        0.152      0.152       0.152       0.152    0.00       0
             migration/91[563]       2         52        0.375      0.003       0.007       0.041   10.20       0
        in:imuxsock[2355/2322]    2322          3        0.196      0.058       0.065       0.075    7.65       0
               migration/6[52]       2         53        0.450      0.008       0.008       0.014    1.38       0
      rs:main Q:Reg[2357/2322]    2322          3        0.225      0.067       0.075       0.079    5.33       0
             migration/49[311]       2         52        0.464      0.003       0.008       0.040    9.99       0
             migration/92[569]       2         52        0.400      0.003       0.007       0.040    9.49       0
               migration/7[58]       2         53        0.501      0.008       0.009       0.041    7.74       0
             ksoftirqd/92[570]       2          1        0.058      0.058       0.058       0.058    0.00       0
             migration/50[317]       2         52        0.381      0.003       0.007       0.042   10.46       0
          kworker/84:1-mm[829]       2         67        1.068      0.004       0.015       0.048    8.36       0
          kworker/85:1-mm[830]       2        603        4.605      0.001       0.007       0.261    7.06       0
             migration/93[575]       2         52        0.407      0.003       0.007       0.040    9.25       0
          kworker/86:1-mm[831]       2        739        5.555      0.001       0.007       0.085    2.88       0
               migration/8[64]       2         53        0.472      0.008       0.008       0.041    7.03       0
          kworker/87:1-mm[832]       2        478        3.146      0.001       0.006       0.393   13.62       0
          kworker/88:1-mm[833]       2        433        2.463      0.002       0.005       0.137    6.67       0
          kworker/89:1-mm[834]       2        285        1.643      0.002       0.005       0.145   10.02       0
              agent[4674/3163]    3163          2        2.852      1.278       1.426       1.573   10.34       0
             migration/51[323]       2         52        0.429      0.003       0.008       0.040    8.40       0
          kworker/90:1-mm[835]       2        259        1.815      0.002       0.007       0.153    9.19       0
          kworker/91:1-mm[836]       2          6        0.084      0.008       0.014       0.018   11.91       0
       kworker/u225:0-[897860]       2          2        0.046      0.021       0.023       0.024    4.95       0
             migration/94[581]       2         52        0.321      0.003       0.006       0.041   12.26       0
          kworker/92:1-mm[837]       2        233        1.528      0.002       0.006       0.036    4.83       0
               migration/9[70]       2         53        0.476      0.008       0.008       0.040    6.67       0
          kworker/93:1-mm[838]       2        216        1.554      0.001       0.007       0.152   10.24       0
          kworker/94:1-mm[839]       2        185        1.438      0.002       0.007       0.092    8.28       0
          kworker/95:1-mm[840]       2        183        1.289      0.001       0.007       0.094    9.06       0
    containerd-shim[3144/3143]    3143         14        0.311      0.011       0.022       0.042   15.19       0
             migration/52[329]       2         52        0.478      0.003       0.009       0.040    7.14       0
          kworker/96:1-mm[841]       2        159        1.134      0.002       0.007       0.024    5.20       0
    containerd-shim[3145/3143]    3143          7        0.186      0.013       0.026       0.037   17.04       0
          kworker/97:1-mm[842]       2        125        1.098      0.003       0.008       0.060    7.69       0
    containerd-shim[3146/3143]    3143         19        3.491      0.007       0.183       0.717   31.64       0
             migration/95[587]       2         52        0.349      0.003       0.006       0.041   11.30       0
          kworker/98:1-mm[843]       2        130        1.077      0.002       0.008       0.054    7.37       0
              migration/10[76]       2         53        0.478      0.008       0.009       0.040    6.75       0
          kworker/99:1-mm[844]       2        150        1.126      0.001       0.007       0.047    6.68       0
          kworker/100:1-m[845]       2          3        0.042      0.009       0.014       0.018   17.66       0
          kworker/101:1-m[846]       2        151        1.035      0.002       0.006       0.042    7.53       0
             migration/53[335]       2         52        0.399      0.003       0.007       0.038    9.01       0
          kworker/102:1-m[847]       2          4        0.067      0.013       0.016       0.020   10.19       0
         kworker/66:1H-k[1615]       2          2        0.071      0.033       0.035       0.038    6.76       0
              snapd[2639/2327]    2327          6        1.982      0.023       0.330       0.678   34.58       0
    containerd-shim[3151/3143]    3143         31        3.046      0.007       0.098       0.797   33.55       0
          kworker/103:1-m[848]       2         96        0.855      0.003       0.008       0.083   11.07       0
         containerd[2384/2345]    2345       1770       40.583      0.005       0.022       0.062    0.92       0
             migration/96[593]       2         52        0.345      0.003       0.006       0.041   11.28       0
          kworker/104:1-m[849]       2        113        0.826      0.002       0.007       0.038    7.54       0
        kworker/u226:0[916817]       2         49        0.977      0.006       0.019       0.324   32.49       0
              migration/11[82]       2         53        0.480      0.008       0.009       0.042    7.09       0
          kworker/105:1-m[850]       2         98        0.745      0.002       0.007       0.042    9.08       0
         containerd[2386/2345]    2345        496       30.844      0.005       0.062       1.839    6.65       0
          kworker/106:1-m[851]       2         92        0.882      0.002       0.009       0.040    8.79       0
         containerd[2387/2345]    2345          3        0.968      0.154       0.322       0.620   46.24       0
          kworker/107:1-m[852]       2        103        0.833      0.001       0.008       0.069   13.00       0
              snapd[2644/2327]    2327          4        0.334      0.019       0.083       0.223   56.50       0
             migration/54[341]       2         52        0.534      0.004       0.010       0.041    7.66       0
          kworker/108:1-m[853]       2         62        0.572      0.002       0.009       0.028    9.02       0
              snapd[2645/2327]    2327          1        0.059      0.059       0.059       0.059    0.00       0
       kworker/u225:3-[906325]       2        762       26.214      0.004       0.034       4.768   18.47       0
        kworker/u225:2[916821]       2        216       10.323      0.005       0.047       4.765   45.98       0
          kworker/109:1-m[854]       2        160        1.460      0.001       0.009       0.093    9.93       0
              snapd[2646/2327]    2327          2        0.978      0.224       0.489       0.753   54.12       0
             migration/97[599]       2         52        0.355      0.003       0.006       0.041   11.01       0
          kworker/110:1-m[855]       2         69        0.613      0.003       0.008       0.031    8.35       0
         containerd[2391/2345]    2345        586       34.959      0.019       0.059       1.473    4.64       0
         kworker/29:1H-k[4951]       2          2        0.176      0.077       0.088       0.098   12.11       0
              migration/12[88]       2         53        0.502      0.008       0.009       0.042    7.85       0
          kworker/111:1-m[856]       2        102        1.390      0.002       0.013       0.058    8.92       0
         containerd[2394/2345]    2345          2        1.913      0.537       0.956       1.376   43.87       0
             migration/55[347]       2         52        0.410      0.003       0.007       0.042    9.62       0
         containerd[2395/2345]    2345          2        1.928      0.701       0.964       1.226   27.25       0
                   agent[3163]    3143          3        2.299      0.035       0.766       1.278   48.93       0
         containerd[2396/2345]    2345         12        2.456      0.033       0.204       1.146   44.94       0
             migration/98[605]       2         52        0.351      0.003       0.006       0.040   11.05       0
         containerd[2397/2345]    2345        264       16.611      0.011       0.062       1.009    8.77       0
              migration/13[94]       2         53        0.477      0.008       0.009       0.041    7.04       0
         kworker/35:1H-k[1374]       2        198        4.514      0.007       0.022       0.101    4.08       0
         containerd[2398/2345]    2345          3        1.300      0.083       0.433       0.620   40.40       0
         systemd-journal[1631]       1          8        2.526      0.013       0.315       0.953   41.30       0
         containerd[2399/2345]    2345          3        2.105      0.036       0.701       1.378   55.20       0
       docker-proxy[2911/2887]    2887          8        0.206      0.022       0.025       0.030    4.87       0
          kworker/0:1H-kb[864]       2          2        0.022      0.011       0.011       0.011    1.18       0
             migration/56[353]       2         52        0.503      0.008       0.009       0.043    8.30       0
         containerd[5729/2345]    2345          2        0.364      0.074       0.182       0.289   59.07       0
             migration/99[611]       2         52        0.306      0.003       0.005       0.038   11.71       0
             migration/14[100]       2         53        0.473      0.002       0.008       0.040    6.96       0
           kworker/53:1H[1380]       2        405        9.685      0.007       0.023       0.091    2.90       0
             migration/57[359]       2         52        0.488      0.008       0.009       0.041    8.03       0
         containerd[2407/2345]    2345        564       30.881      0.010       0.054       1.647    5.55       0
         containerd[2408/2345]    2345          3        1.058      0.005       0.352       1.008   93.02       0
              snapd[2664/2327]    2327          1        0.686      0.686       0.686       0.686    0.00       0
            migration/100[617]       2         52        0.496      0.007       0.009       0.041    6.50       0
              agent[4457/3163]    3163          2        0.840      0.233       0.420       0.606   44.46       0
             migration/15[106]       2         53        0.479      0.008       0.009       0.041    6.94       0
              snapd[2666/2327]    2327          1        0.906      0.906       0.906       0.906    0.00       0
             migration/58[365]       2         52        0.472      0.008       0.009       0.041    7.10       0
              snapd[2669/2327]    2327          2        0.272      0.051       0.136       0.221   62.54       0
         containerd[4461/2345]    2345        218       10.991      0.011       0.050       0.823   10.01       0
              snapd[2670/2327]    2327          1        0.174      0.174       0.174       0.174    0.00       0
            migration/101[623]       2         52        0.453      0.003       0.008       0.041    7.77       0
             migration/16[112]       2         53        0.526      0.008       0.009       0.042    8.47       0
              snapd[2674/2327]    2327          1        1.402      1.402       1.402       1.402    0.00       0
             migration/59[371]       2         52        0.471      0.008       0.009       0.042    7.18       0
              snapd[2675/2327]    2327          1        0.441      0.441       0.441       0.441    0.00       0
            migration/102[629]       2         52        0.480      0.003       0.009       0.041    6.92       0
            dockerd[2421/2411]    2411        359        5.221      0.006       0.014       0.035    3.15       0
            dockerd[2677/2411]    2411          2        2.214      0.619       1.107       1.594   44.07       0
         kworker/60:0-mm[5749]       2          2        0.030      0.013       0.015       0.017   13.54       0
             migration/17[118]       2         53        0.480      0.008       0.009       0.042    7.04       0
          kworker/u224:1-[886]       2         26        0.329      0.010       0.012       0.033    9.14       0
       docker-proxy[2934/2924]    2924          8        0.165      0.009       0.020       0.035   15.24       0
            dockerd[2679/2411]    2411         12        2.229      0.011       0.185       0.957   51.52       0
            dockerd[2424/2411]    2411         46        7.833      0.011       0.170       2.261   38.08       0
             migration/60[377]       2         52        0.470      0.008       0.009       0.041    6.97       0
         kworker/11:1H-k[1658]       2          1        0.097      0.097       0.097       0.097    0.00       0
            migration/103[635]       2         52        0.422      0.003       0.008       0.041    8.80       0
            dockerd[2427/2411]    2411          2        0.821      0.232       0.410       0.588   43.39       0
             migration/18[124]       2         53        0.481      0.008       0.009       0.042    7.05       0
            dockerd[2428/2411]    2411          3        2.118      0.557       0.706       0.950   17.44       0
            dockerd[2429/2411]    2411         59       12.084      0.014       0.204       4.993   44.13       0
             migration/61[383]       2         52        0.467      0.008       0.008       0.041    7.12       0
                 rpcbind[2175]       1          7        0.241      0.025       0.034       0.051   11.56       0
            migration/104[641]       2         52        0.425      0.003       0.008       0.041    8.91       0
             migration/19[130]       2         53        0.498      0.008       0.009       0.041    7.89       0
              agent[4482/3163]    3163          3        1.797      0.013       0.599       1.427   71.05       0
              agent[4483/3163]    3163          5        4.056      0.027       0.811       2.123   58.24       0
              multipathd[1668]       1        206        2.543      0.005       0.012       0.022    3.62       0
    containerd-shim[4228/3143]    3143         37        5.886      0.007       0.159       0.871   23.18       0
             migration/62[389]       2         52        0.440      0.008       0.008       0.012    1.03       0
         systemd-timesyn[2182]       1          2        0.398      0.135       0.199       0.262   31.76       0
            migration/105[647]       2         52        0.667      0.003       0.012       0.037   12.81       0
            dockerd[2695/2411]    2411          2        0.152      0.024       0.076       0.127   67.41       0
             migration/20[136]       2         53        0.480      0.008       0.009       0.041    6.98       0
          kworker/3:2-eve[904]       2          7        0.278      0.013       0.039       0.082   22.27       0
          kworker/4:2-eve[905]       2         29        0.987      0.012       0.034       0.053    4.79       0
            agent[568202/3163]    3163          2        1.718      0.610       0.859       1.107   28.91       0
       kworker/u225:1-[897930]       2        699       23.930      0.004       0.034       4.794   20.16       0
             migration/63[395]       2         52        0.516      0.008       0.009       0.045    9.02       0
         multipathd[1675/1668]    1668          7        0.148      0.020       0.021       0.022    1.77       0
         multipathd[1676/1668]    1668        206        6.939      0.015       0.033       0.048    0.90       0
            migration/106[653]       2         52        0.361      0.003       0.006       0.041   11.75       0
          kworker/8:2-eve[909]       2        158        4.407      0.006       0.027       0.067    3.96       0
             migration/21[142]       2         53        0.522      0.008       0.009       0.041    8.44       0
          kworker/11:2-mm[912]       2          8        0.295      0.012       0.036       0.072   21.72       0
             migration/64[401]       2         52        0.467      0.008       0.008       0.042    7.25       0
          kworker/13:2-mm[914]       2          2        0.065      0.023       0.032       0.042   29.55       0
            migration/107[659]       2         52        0.388      0.003       0.007       0.018    5.31       0
             migration/22[148]       2         53        0.479      0.006       0.009       0.042    7.07       0
              agent[4246/3163]    3163        302        2.367      0.006       0.007       0.042    2.85       0
             migration/65[407]       2         52        0.444      0.008       0.008       0.018    2.29       0
              agent[4247/3163]    3163          6        2.592      0.011       0.432       1.360   57.39       0
              gmond[3992/2318]    2318       2054       45.181      0.017       0.021       0.048    0.28       0
              agent[4248/3163]    3163          3        0.797      0.031       0.265       0.447   46.27       0
            migration/108[665]       2         52        0.472      0.003       0.009       0.041    7.37       0
              agent[4249/3163]    3163          3        0.621      0.033       0.207       0.484   67.63       0
             migration/23[154]       2         53        0.522      0.008       0.009       0.042    8.53       0
                  munged[3994]       1          2        0.092      0.035       0.046       0.057   23.69       0
              agent[4250/3163]    3163          2        1.111      0.552       0.555       0.559    0.63       0
             munged[3995/3994]    3994          3        0.656      0.213       0.218       0.228    2.28       0
              agent[4251/3163]    3163         48       24.927      0.010       0.519       7.858   39.64       0
             munged[3996/3994]    3994          1        0.218      0.218       0.218       0.218    0.00       0
              agent[4252/3163]    3163         31        2.995      0.020       0.096       0.661   28.76       0
             migration/66[413]       2         52        0.444      0.008       0.008       0.017    2.14       0
             munged[3997/3994]    3994          1        0.164      0.164       0.164       0.164    0.00       0
          kworker/25:2-ev[926]       2        107       14.038      0.032       0.131       0.170    1.33       0
              agent[4254/3163]    3163          2        2.226      0.710       1.113       1.515   36.16       0
            migration/109[671]       2         52        0.373      0.003       0.007       0.017    5.28       0
                  sshd[897951]   897932          6        0.660      0.097       0.110       0.119    3.12       0
             migration/24[160]       2         53        0.506      0.008       0.009       0.041    7.93       0
            dockerd[4257/2411]    2411          2        0.464      0.120       0.232       0.343   48.03       0
             migration/67[419]       2         52        0.471      0.008       0.009       0.041    7.01       0
            migration/110[677]       2         52        0.501      0.004       0.009       0.042    8.81       0
         kworker/u226:1-[1189]       2        224      568.261      0.006       2.536      51.887   18.75       0
           systemd-udevd[1701]       1          1        0.151      0.151       0.151       0.151    0.00       0
             migration/25[166]       2         53        0.486      0.008       0.009       0.042    6.94       0
                  slurmd[4006]       1          1        0.158      0.158       0.158       0.158    0.00       0
             migration/68[425]       2         52        0.473      0.008       0.009       0.041    7.05       0
            migration/111[683]       2         51        0.369      0.003       0.007       0.009    4.49       0
             migration/26[172]       2         53        0.526      0.008       0.009       0.042    8.44       0
       kworker/u226:2-[909997]       2        915     5029.476      0.004       5.496      84.043    5.92       0
             migration/69[431]       2         52        0.475      0.008       0.009       0.042    7.14       0
             migration/27[178]       2         53        0.486      0.008       0.009       0.042    6.92       0
          kworker/0:2-eve[690]       2        898      178.464      0.008       0.198       0.769    3.51       0
               khungtaskd[691]       2          2        0.450      0.222       0.225       0.228    1.29       0
             migration/70[437]       2         52        0.448      0.008       0.008       0.018    2.22       0
              agent[4277/3163]    3163          2        1.212      0.329       0.606       0.882   45.66       0
               kcompactd0[694]       2        402        5.470      0.011       0.013       0.039    2.24       0
              agent[4278/3163]    3163          4        2.029      0.032       0.507       1.334   60.72       0
               kcompactd1[695]       2        402        5.113      0.005       0.012       0.042    2.64       0
             migration/28[184]       2         53        0.375      0.003       0.007       0.041   10.44       0
               khugepaged[697]       2         48        1.751      0.005       0.036       0.109   10.07       0
             migration/71[443]       2         52        0.469      0.008       0.009       0.042    7.18       0
              agent[4541/3163]    3163         41        7.179      0.013       0.175       2.194   34.25       0
             migration/29[191]       2         53        0.341      0.002       0.006       0.040   11.81       0
        kworker/u229:1[910015]       2          1        0.153      0.153       0.153       0.153    0.00       0
             migration/72[449]       2         52        0.468      0.008       0.009       0.042    7.20       0
                  sudo[910018]    7701          5        0.383      0.038       0.076       0.105   16.70       0
                  sudo[910019]   910018          1        0.085      0.085       0.085       0.085    0.00       0
         kworker/108:1H-[1476]       2          1        0.097      0.097       0.097       0.097    0.00       0
                  perf[910020]   910019        528     1845.821      0.000       3.495      11.241    3.34       0
             migration/30[197]       2         53        0.458      0.003       0.008       0.041   10.45       0
         kworker/111:1H-[1477]       2          1        0.072      0.072       0.072       0.072    0.00       0
             ksoftirqd/30[198]       2          1        0.017      0.017       0.017       0.017    0.00       0
             migration/73[455]       2         52        0.460      0.007       0.008       0.041    7.16       0
           perf[910024/910020]   910020        205       22.015      0.100       0.107       0.751    3.02       0
              snapd[2505/2327]    2327         17        0.460      0.011       0.027       0.072   14.88       0
    containerd-shim[4297/3143]    3143         32        6.244      0.007       0.195       0.822   22.44       0
         containerd[4298/2345]    2345          3        1.469      0.111       0.489       0.718   38.85       0
             migration/31[203]       2         53        0.312      0.002       0.005       0.038   12.00       0
          kworker/71:2-ev[972]       2        102        7.171      0.061       0.070       0.092    0.88       0
              snapd[2508/2327]    2327          7        3.952      0.013       0.564       2.395   62.81       0
             migration/74[461]       2         52        0.462      0.008       0.008       0.041    7.15       0
            dockerd[4303/2411]    2411          2        0.740      0.237       0.370       0.502   35.75       0
         kworker/66:0-ev[5839]       2        378        5.954      0.010       0.015       0.040    2.86       0
            dockerd[4304/2411]    2411          2        3.001      1.458       1.500       1.543    2.83       0
             migration/32[209]       2         53        0.441      0.003       0.008       0.041    8.61       0
              agent[4305/3163]    3163          2        2.704      1.174       1.352       1.530   13.16       0
              agent[4561/3163]    3163          2        2.329      0.604       1.164       1.724   48.06       0
         kworker/62:1-ev[6609]       2        152       15.117      0.005       0.099       0.189    4.09       0
          kworker/77:2-mm[978]       2          1        0.014      0.014       0.014       0.014    0.00       0
              agent[4306/3163]    3163          3        2.485      0.015       0.828       1.629   56.24       0
             migration/75[467]       2         52        0.466      0.008       0.008       0.041    7.12       0
         kworker/109:1H-[2259]       2        432       15.039      0.007       0.034       0.137    2.11       0
              agent[4307/3163]    3163          2        0.384      0.066       0.192       0.317   65.43       0
         kworker/63:0-mm[5331]       2        459        9.759      0.009       0.021       0.038    2.18       0
         kworker/62:1H-k[2260]       2          1        0.154      0.154       0.154       0.154    0.00       0
         containerd[4308/2345]    2345          5        1.812      0.041       0.362       0.947   46.53       0
                screen[906453]   897952         15        0.651      0.031       0.043       0.134   15.35       0
          kworker/81:2-ev[982]       2          6        0.270      0.018       0.045       0.077   19.85       0
             migration/33[215]       2         53        0.514      0.003       0.009       0.041    6.69       0
          kworker/83:2-mm[984]       2          2        0.024      0.009       0.012       0.014   24.02       0
             migration/76[473]       2         52        0.468      0.008       0.009       0.041    7.07       0
         kworker/68:0-ev[5337]       2          2        0.088      0.032       0.044       0.056   27.10       0
         systemd-network[2266]       1         31        5.739      0.026       0.185       1.026   19.42       0
         containerd[4571/2345]    2345          5        1.994      0.017       0.398       0.915   43.62       0
         systemd-resolve[2268]       1          2        3.616      0.147       1.808       3.469   91.86       0
             migration/34[221]       2         53        0.407      0.003       0.007       0.041    9.73       0
             migration/77[479]       2         52        0.470      0.008       0.009       0.041    7.07       0
             migration/35[227]       2         52        0.403      0.003       0.007       0.041    9.44       0
             migration/78[485]       2         52        0.492      0.008       0.009       0.042    8.09       0
         kworker/80:0-ev[4837]       2        103        8.153      0.073       0.079       0.104    0.78       0
            dockerd[4326/2411]    2411         74        7.747      0.013       0.104       2.137   29.43       0
             migration/36[233]       2         52        0.415      0.003       0.007       0.041    9.21       0
         containerd[4329/2345]    2345          3        1.484      0.356       0.494       0.633   16.14       0
            dockerd[4330/2411]    2411          2        1.975      0.728       0.987       1.246   26.24       0
             migration/79[491]       2         52        0.474      0.008       0.009       0.041    7.04       0
          kworker/56:1-ev[747]       2         21        0.671      0.013       0.031       0.074   12.45       0
            dockerd[4331/2411]    2411          6        2.459      0.024       0.409       1.753   67.83       0
         containerd[4332/2345]    2345          4        0.843      0.019       0.210       0.439   47.17       0
            dockerd[4333/2411]    2411          2        1.743      0.091       0.871       1.651   89.51       0
        kworker/10:1-mm[49133]       2         10        0.593      0.033       0.059       0.205   28.39       0
            dockerd[4334/2411]    2411          2        2.342      0.822       1.171       1.520   29.75       0
             migration/37[239]       2         52        0.419      0.003       0.008       0.040    8.86       0
             migration/80[497]       2         52        0.464      0.008       0.008       0.041    7.23       0
             ksoftirqd/80[498]       2          7        0.072      0.009       0.010       0.010    1.24       0
              snapd[2546/2327]    2327          1        1.483      1.483       1.483       1.483    0.00       0
              snapd[2547/2327]    2327          1        0.228      0.228       0.228       0.228    0.00       0
             migration/38[245]       2         52        0.343      0.003       0.006       0.041   11.49       0
             migration/81[503]       2         52        0.471      0.008       0.009       0.042    7.20       0
       kworker/2:0-mm_[674039]       2          7        0.108      0.005       0.015       0.038   26.59       0
       kworker/22:0-mm[674041]       2          2        0.070      0.033       0.035       0.037    6.25       0
             migration/39[251]       2         52        0.386      0.003       0.007       0.041   10.15       0
                    cron[2300]       1          5        0.644      0.057       0.128       0.342   41.67       0
             migration/82[509]       2         52        0.467      0.008       0.008       0.042    7.22       0
             dbus-daemon[2302]       1          5        1.238      0.080       0.247       0.385   25.01       0
                :-1[-1/910023]      -1       6805    15158.229      0.008       2.227     175.606    5.65       0

Terminated tasks:
          lcpan[911616/910023]   910023          1       32.013     32.013      32.013      32.013    0.00       0
          lcpan[910082/910023]   910023          1        1.560      1.560       1.560       1.560    0.00       0
          lcpan[914184/910023]   910023          1        1.031      1.031       1.031       1.031    0.00       0
          lcpan[914186/910023]   910023          1        2.792      2.792       2.792       2.792    0.00       0
          lcpan[916235/910023]   910023          1        0.543      0.543       0.543       0.543    0.00       0
          lcpan[916236/910023]   910023          1        0.506      0.506       0.506       0.506    0.00       0
          lcpan[912141/910023]   910023          1        3.038      3.038       3.038       3.038    0.00       0
          lcpan[916237/910023]   910023          1        0.565      0.565       0.565       0.565    0.00       0
          lcpan[911886/910023]   910023          1        2.198      2.198       2.198       2.198    0.00       0
          lcpan[916238/910023]   910023          1        0.510      0.510       0.510       0.510    0.00       0
          lcpan[911887/910023]   910023          1        2.968      2.968       2.968       2.968    0.00       0
          lcpan[912143/910023]   910023          1        1.720      1.720       1.720       1.720    0.00       0
          lcpan[912144/910023]   910023          1        1.684      1.684       1.684       1.684    0.00       0
          lcpan[911890/910023]   910023          1        2.603      2.603       2.603       2.603    0.00       0
          lcpan[914963/910023]   910023          1        0.036      0.036       0.036       0.036    0.00       0
          lcpan[911637/910023]   910023          1       25.247     25.247      25.247      25.247    0.00       0
          lcpan[911129/910023]   910023          1        0.728      0.728       0.728       0.728    0.00       0
          lcpan[911897/910023]   910023          1        3.595      3.595       3.595       3.595    0.00       0
          lcpan[914457/910023]   910023          1        0.024      0.024       0.024       0.024    0.00       0
          lcpan[911902/910023]   910023          1       35.351     35.351      35.351      35.351    0.00       0
          lcpan[911908/910023]   910023          1        2.850      2.850       2.850       2.850    0.00       0
          lcpan[911909/910023]   910023          1        2.482      2.482       2.482       2.482    0.00       0
          lcpan[911910/910023]   910023          1        2.424      2.424       2.424       2.424    0.00       0
          lcpan[913711/910023]   910023          2       75.904      0.341      37.952      75.562   99.10       0
          lcpan[913712/910023]   910023          1        0.305      0.305       0.305       0.305    0.00       0
          lcpan[913719/910023]   910023          1        3.901      3.901       3.901       3.901    0.00       0
          lcpan[913975/910023]   910023          1        1.182      1.182       1.182       1.182    0.00       0
          lcpan[914231/910023]   910023          1        0.182      0.182       0.182       0.182    0.00       0
          lcpan[913720/910023]   910023          1        3.860      3.860       3.860       3.860    0.00       0
          lcpan[913976/910023]   910023          1        1.160      1.160       1.160       1.160    0.00       0
          lcpan[913977/910023]   910023          1       29.570     29.570      29.570      29.570    0.00       0
          lcpan[913978/910023]   910023          1       29.532     29.532      29.532      29.532    0.00       0
          lcpan[913979/910023]   910023          1        3.780      3.780       3.780       3.780    0.00       0
          lcpan[913980/910023]   910023          1        3.740      3.740       3.740       3.740    0.00       0
          lcpan[911685/910023]   910023          1        0.058      0.058       0.058       0.058    0.00       0
          lcpan[912197/910023]   910023          1        2.741      2.741       2.741       2.741    0.00       0
          lcpan[913991/910023]   910023          1        0.877      0.877       0.877       0.877    0.00       0
          lcpan[913992/910023]   910023          1        0.836      0.836       0.836       0.836    0.00       0
       worker-1[916815/910023]   910023     768403   112418.071      0.001       0.146     991.992    4.93       0
       worker-2[916816/910023]   910023    1008179   104554.844      0.001       0.103    1122.823    4.98       0
                  cron[916818]    2300          2        8.973      0.734       4.486       8.239   83.63       0
                    sh[916819]   916818          3        1.624      0.012       0.541       1.513   89.87       0
            debian-sa1[916820]   916819          1        1.197      1.197       1.197       1.197    0.00       0
                  runc[916822]    4361          7        4.803      0.007       0.686       2.183   46.71       0
           runc[916823/916822]   916822         15        0.158      0.002       0.010       0.076   47.78       0
           runc[916824/916822]   916822          4        0.309      0.018       0.077       0.207   57.08       0
          lcpan[913241/910023]   910023          1        0.695      0.695       0.695       0.695    0.00       0
           runc[916825/916822]   916822          3        0.153      0.010       0.051       0.084   42.02       0
          lcpan[913242/910023]   910023          1        0.656      0.656       0.656       0.656    0.00       0
          lcpan[914522/910023]   910023          1        0.217      0.217       0.217       0.217    0.00       0
           runc[916826/916822]   916822          1        0.050      0.050       0.050       0.050    0.00       0
           runc[916827/916822]   916824          1        0.124      0.124       0.124       0.124    0.00       0
           docker-init[916828]    4361          1        0.282      0.282       0.282       0.282    0.00       0
                  runc[916829]    2429          6        3.623      0.004       0.603       2.292   62.05       0
           runc[916830/916829]   916829         15        0.088      0.002       0.005       0.035   36.51       0
           runc[916831/916829]   916829          2        0.112      0.009       0.056       0.102   82.70       0
           runc[916832/916829]   916829          1        0.034      0.034       0.034       0.034    0.00       0
           runc[916833/916829]   916831          4        0.071      0.008       0.017       0.032   29.72       0
           runc[916834/916829]   916829          1        0.038      0.038       0.038       0.038    0.00       0
           docker-init[916835]    2429          1        0.252      0.252       0.252       0.252    0.00       0
     pool-udisksd[916836/2333]    2333          7       58.921      0.006       8.417      57.913   98.01       0
           slurmd[916837/4006]    4006          4        0.398      0.038       0.099       0.196   37.76       0
          lcpan[911209/910023]   910023          1        3.362      3.362       3.362       3.362    0.00       0
          lcpan[911210/910023]   910023          1        3.322      3.322       3.322       3.322    0.00       0
          lcpan[911211/910023]   910023          1        2.020      2.020       2.020       2.020    0.00       0
          lcpan[914800/910023]   910023          1        0.597      0.597       0.597       0.597    0.00       0
          lcpan[912252/910023]   910023          1        3.878      3.878       3.878       3.878    0.00       0
          lcpan[914812/910023]   910023          1        0.454      0.454       0.454       0.454    0.00       0
          lcpan[911485/910023]   910023          1        2.833      2.833       2.833       2.833    0.00       0
          lcpan[911486/910023]   910023          1        2.782      2.782       2.782       2.782    0.00       0
          lcpan[912255/910023]   910023          1        1.302      1.302       1.302       1.302    0.00       0
          lcpan[914815/910023]   910023          1        3.178      3.178       3.178       3.178    0.00       0
          lcpan[912256/910023]   910023          1        1.267      1.267       1.267       1.267    0.00       0
          lcpan[913280/910023]   910023          1        0.262      0.262       0.262       0.262    0.00       0
          lcpan[912259/910023]   910023          1        0.277      0.277       0.277       0.277    0.00       0
          lcpan[914820/910023]   910023          1        0.733      0.733       0.733       0.733    0.00       0
          lcpan[912261/910023]   910023          1       29.906     29.906      29.906      29.906    0.00       0
          lcpan[911494/910023]   910023          1        0.942      0.942       0.942       0.942    0.00       0
          lcpan[912006/910023]   910023          1        3.400      3.400       3.400       3.400    0.00       0
          lcpan[912262/910023]   910023          1        1.780      1.780       1.780       1.780    0.00       0
          lcpan[912007/910023]   910023          1        0.820      0.820       0.820       0.820    0.00       0
          lcpan[913799/910023]   910023          1        0.033      0.033       0.033       0.033    0.00       0
          lcpan[912008/910023]   910023          1       16.381     16.381      16.381      16.381    0.00       0
          lcpan[913800/910023]   910023          1        0.031      0.031       0.031       0.031    0.00       0
          lcpan[910985/910023]   910023          1        0.060      0.060       0.060       0.060    0.00       0
          lcpan[910986/910023]   910023          1        4.001      4.001       4.001       4.001    0.00       0
          lcpan[912010/910023]   910023          1        3.223      3.223       3.223       3.223    0.00       0
          lcpan[912266/910023]   910023          1        0.988      0.988       0.988       0.988    0.00       0
          lcpan[912267/910023]   910023          1        3.102      3.102       3.102       3.102    0.00       0
          lcpan[912268/910023]   910023          1       31.145     31.145      31.145      31.145    0.00       0
          lcpan[912013/910023]   910023          1        0.603      0.603       0.603       0.603    0.00       0
          lcpan[916367/910023]   910023          1        0.251      0.251       0.251       0.251    0.00       0
          lcpan[916368/910023]   910023          1        0.212      0.212       0.212       0.212    0.00       0
          lcpan[913555/910023]   910023          1        0.156      0.156       0.156       0.156    0.00       0
          lcpan[913556/910023]   910023          1        0.155      0.155       0.155       0.155    0.00       0
          lcpan[914073/910023]   910023          1        0.051      0.051       0.051       0.051    0.00       0
          lcpan[914074/910023]   910023          1        0.045      0.045       0.045       0.045    0.00       0
          lcpan[911004/910023]   910023          1        1.263      1.263       1.263       1.263    0.00       0
          lcpan[915614/910023]   910023          1        2.718      2.718       2.718       2.718    0.00       0
          lcpan[911523/910023]   910023          1        0.067      0.067       0.067       0.067    0.00       0
          lcpan[912037/910023]   910023          1        0.039      0.039       0.039       0.039    0.00       0
          lcpan[911270/910023]   910023          1        3.795      3.795       3.795       3.795    0.00       0
          lcpan[912038/910023]   910023          1        4.003      4.003       4.003       4.003    0.00       0
          lcpan[911527/910023]   910023          1        1.836      1.836       1.836       1.836    0.00       0
          lcpan[911021/910023]   910023          1        0.481      0.481       0.481       0.481    0.00       0
          lcpan[911022/910023]   910023          1        0.445      0.445       0.445       0.445    0.00       0
          lcpan[911535/910023]   910023          1        0.042      0.042       0.042       0.042    0.00       0
          lcpan[911026/910023]   910023          1        0.302      0.302       0.302       0.302    0.00       0
          lcpan[916404/910023]   910023          1        3.322      3.322       3.322       3.322    0.00       0
          lcpan[913079/910023]   910023          1        3.702      3.702       3.702       3.702    0.00       0
          lcpan[913847/910023]   910023          1        0.251      0.251       0.251       0.251    0.00       0
          lcpan[916151/910023]   910023          1        1.746      1.746       1.746       1.746    0.00       0
          lcpan[913848/910023]   910023          1        0.229      0.229       0.229       0.229    0.00       0
          lcpan[916152/910023]   910023          1        1.723      1.723       1.723       1.723    0.00       0
          lcpan[911037/910023]   910023          1        5.856      5.856       5.856       5.856    0.00       0
          lcpan[916159/910023]   910023          1        1.051      1.051       1.051       1.051    0.00       0
          lcpan[916415/910023]   910023          1        3.617      3.617       3.617       3.617    0.00       0
          lcpan[916160/910023]   910023          1        1.011      1.011       1.011       1.011    0.00       0
          lcpan[914881/910023]   910023          1        2.277      2.277       2.277       2.277    0.00       0
          lcpan[914882/910023]   910023          1        2.235      2.235       2.235       2.235    0.00       0
          lcpan[914884/910023]   910023          1        1.480      1.480       1.480       1.480    0.00       0
          lcpan[911301/910023]   910023          1        3.728      3.728       3.728       3.728    0.00       0
          lcpan[911302/910023]   910023          1        3.669      3.669       3.669       3.669    0.00       0
                  main[910023]   910020      29449   121609.117      0.001       4.129     991.992    4.35       0
          lcpan[912587/910023]   910023          1       31.896     31.896      31.896      31.896    0.00       0
          lcpan[912588/910023]   910023          1        3.773      3.773       3.773       3.773    0.00       0
          lcpan[913361/910023]   910023          1        1.656      1.656       1.656       1.656    0.00       0
          lcpan[915921/910023]   910023          1        0.022      0.022       0.022       0.022    0.00       0
          lcpan[913362/910023]   910023          1        1.617      1.617       1.617       1.617    0.00       0
          lcpan[911319/910023]   910023          1        1.068      1.068       1.068       1.068    0.00       0
          lcpan[913111/910023]   910023          1        2.200      2.200       2.200       2.200    0.00       0
          lcpan[913112/910023]   910023          1        2.159      2.159       2.159       2.159    0.00       0
          lcpan[913369/910023]   910023          1        3.146      3.146       3.146       3.146    0.00       0
          lcpan[913370/910023]   910023          1        3.111      3.111       3.111       3.111    0.00       0
          lcpan[914909/910023]   910023          1       31.186     31.186      31.186      31.186    0.00       0
          lcpan[914910/910023]   910023          1       31.166     31.166      31.166      31.166    0.00       0
          lcpan[914143/910023]   910023          1        0.348      0.348       0.348       0.348    0.00       0
          lcpan[913120/910023]   910023          1        0.092      0.092       0.092       0.092    0.00       0
          lcpan[914144/910023]   910023          1        0.324      0.324       0.324       0.324    0.00       0
          lcpan[912611/910023]   910023          1        3.154      3.154       3.154       3.154    0.00       0
          lcpan[912612/910023]   910023          1        3.115      3.115       3.115       3.115    0.00       0
          lcpan[911079/910023]   910023          1        4.666      4.666       4.666       4.666    0.00       0
          lcpan[911080/910023]   910023          1        4.626      4.626       4.626       4.626    0.00       0
          lcpan[913391/910023]   910023          1        2.648      2.648       2.648       2.648    0.00       0
          lcpan[914415/910023]   910023          1        1.777      1.777       1.777       1.777    0.00       0
          lcpan[913392/910023]   910023          1        2.634      2.634       2.634       2.634    0.00       0
          lcpan[914935/910023]   910023          1        0.093      0.093       0.093       0.093    0.00       0
          lcpan[912632/910023]   910023          1        0.412      0.412       0.412       0.412    0.00       0
          lcpan[914936/910023]   910023          1        0.054      0.054       0.054       0.054    0.00       0
          lcpan[911355/910023]   910023          1        0.047      0.047       0.047       0.047    0.00       0
          lcpan[914939/910023]   910023          1        0.365      0.365       0.365       0.365    0.00       0
          lcpan[914172/910023]   910023          1        0.018      0.018       0.018       0.018    0.00       0
          lcpan[911613/910023]   910023          1        1.235      1.235       1.235       1.235    0.00       0
          lcpan[911614/910023]   910023          1        1.198      1.198       1.198       1.198    0.00       0
          lcpan[912638/910023]   910023          1        0.209      0.209       0.209       0.209    0.00       0
          lcpan[911615/910023]   910023          1       32.048     32.048      32.048      32.048    0.00       0
          lcpan[914687/910023]   910023          1        0.153      0.153       0.153       0.153    0.00       0

Idle stats:
    CPU  0 idle for 204609.898  msec  ( 99.45%)
    CPU  1 idle for 205715.570  msec  ( 99.99%)
    CPU  2 idle for 205676.334  msec  ( 99.97%)
    CPU  3 idle for 205707.520  msec  ( 99.99%)
    CPU  4 idle for 205710.462  msec  ( 99.99%)
    CPU  5 idle for 205715.266  msec  ( 99.99%)
    CPU  6 idle for 205715.553  msec  ( 99.99%)
    CPU  7 idle for 205715.478  msec  ( 99.99%)
    CPU  8 idle for 205703.446  msec  ( 99.99%)
    CPU  9 idle for 205715.411  msec  ( 99.99%)
    CPU 10 idle for 205696.522  msec  ( 99.98%)
    CPU 11 idle for 205712.396  msec  ( 99.99%)
    CPU 12 idle for 205712.634  msec  ( 99.99%)
    CPU 13 idle for 205711.068  msec  ( 99.99%)
    CPU 14 idle for 205715.213  msec  ( 99.99%)
    CPU 15 idle for 205714.814  msec  ( 99.99%)
    CPU 16 idle for 205710.459  msec  ( 99.99%)
    CPU 17 idle for 205715.063  msec  ( 99.99%)
    CPU 18 idle for 205715.008  msec  ( 99.99%)
    CPU 19 idle for 205712.650  msec  ( 99.99%)
    CPU 20 idle for 205714.940  msec  ( 99.99%)
    CPU 21 idle for 205714.844  msec  ( 99.99%)
    CPU 22 idle for 205664.131  msec  ( 99.97%)
    CPU 23 idle for 205713.639  msec  ( 99.99%)
    CPU 24 idle for 205710.145  msec  ( 99.99%)
    CPU 25 idle for 205514.352  msec  ( 99.89%)
    CPU 26 idle for 205714.665  msec  ( 99.99%)
    CPU 27 idle for 205714.669  msec  ( 99.99%)
    CPU 28 idle for 114377.095  msec  ( 55.60%)
    CPU 29 idle for 128324.983  msec  ( 62.37%)
    CPU 30 idle for 171364.296  msec  ( 83.29%)
    CPU 31 idle for 105151.454  msec  ( 51.11%)
    CPU 32 idle for 205085.665  msec  ( 99.69%)
    CPU 33 idle for 205674.945  msec  ( 99.97%)
    CPU 34 idle for 205708.619  msec  ( 99.99%)
    CPU 35 idle for 205085.364  msec  ( 99.69%)
    CPU 36 idle for 205700.323  msec  ( 99.98%)
    CPU 37 idle for 205680.960  msec  ( 99.98%)
    CPU 38 idle for 205711.418  msec  ( 99.99%)
    CPU 39 idle for 205707.460  msec  ( 99.99%)
    CPU 40 idle for 205708.799  msec  ( 99.99%)
    CPU 41 idle for 205679.680  msec  ( 99.97%)
    CPU 42 idle for 205704.447  msec  ( 99.99%)
    CPU 43 idle for 205710.927  msec  ( 99.99%)
    CPU 44 idle for 205668.319  msec  ( 99.97%)
    CPU 45 idle for 202219.841  msec  ( 98.29%)
    CPU 46 idle for 205597.180  msec  ( 99.93%)
    CPU 47 idle for 205708.720  msec  ( 99.99%)
    CPU 48 idle for 205709.180  msec  ( 99.99%)
    CPU 49 idle for 205712.681  msec  ( 99.99%)
    CPU 50 idle for 205710.047  msec  ( 99.99%)
    CPU 51 idle for 205712.838  msec  ( 99.99%)
    CPU 52 idle for 205699.900  msec  ( 99.98%)
    CPU 53 idle for 204308.204  msec  ( 99.31%)
    CPU 54 idle for 205712.831  msec  ( 99.99%)
    CPU 55 idle for 205706.361  msec  ( 99.99%)
    CPU 56 idle for 205384.767  msec  ( 99.83%)
    CPU 57 idle for 205713.527  msec  ( 99.99%)
    CPU 58 idle for 205713.555  msec  ( 99.99%)
    CPU 59 idle for 205713.519  msec  ( 99.99%)
    CPU 60 idle for 205713.321  msec  ( 99.99%)
    CPU 61 idle for 205711.136  msec  ( 99.99%)
    CPU 62 idle for 205696.717  msec  ( 99.98%)
    CPU 63 idle for 205679.003  msec  ( 99.97%)
    CPU 64 idle for 205691.060  msec  ( 99.98%)
    CPU 65 idle for 205712.702  msec  ( 99.99%)
    CPU 66 idle for 205683.606  msec  ( 99.98%)
    CPU 67 idle for 205713.509  msec  ( 99.99%)
    CPU 68 idle for 205713.047  msec  ( 99.99%)
    CPU 69 idle for 205713.431  msec  ( 99.99%)
    CPU 70 idle for 205710.952  msec  ( 99.99%)
    CPU 71 idle for 205705.675  msec  ( 99.99%)
    CPU 72 idle for 205713.022  msec  ( 99.99%)
    CPU 73 idle for 205713.400  msec  ( 99.99%)
    CPU 74 idle for 205713.365  msec  ( 99.99%)
    CPU 75 idle for 205713.332  msec  ( 99.99%)
    CPU 76 idle for 205713.298  msec  ( 99.99%)
    CPU 77 idle for 205713.249  msec  ( 99.99%)
    CPU 78 idle for 205713.210  msec  ( 99.99%)
    CPU 79 idle for 205705.037  msec  ( 99.99%)
    CPU 80 idle for 205704.952  msec  ( 99.99%)
    CPU 81 idle for 205710.986  msec  ( 99.99%)
    CPU 82 idle for 205698.772  msec  ( 99.98%)
    CPU 83 idle for 205710.999  msec  ( 99.99%)
    CPU 84 idle for 175417.513  msec  ( 85.26%)
    CPU 85 idle for 191666.071  msec  ( 93.16%)
    CPU 86 idle for 200534.284  msec  ( 97.47%)
    CPU 87 idle for 205442.650  msec  ( 99.86%)
    CPU 88 idle for 205579.787  msec  ( 99.93%)
    CPU 89 idle for 205675.955  msec  ( 99.97%)
    CPU 90 idle for 205684.491  msec  ( 99.98%)
    CPU 91 idle for 205712.646  msec  ( 99.99%)
    CPU 92 idle for 205667.717  msec  ( 99.97%)
    CPU 93 idle for 205693.287  msec  ( 99.98%)
    CPU 94 idle for 205698.241  msec  ( 99.98%)
    CPU 95 idle for 205698.360  msec  ( 99.98%)
    CPU 96 idle for 205701.742  msec  ( 99.99%)
    CPU 97 idle for 205700.235  msec  ( 99.98%)
    CPU 98 idle for 205700.988  msec  ( 99.98%)
    CPU 99 idle for 205703.813  msec  ( 99.99%)
    CPU 100 idle for 205710.190  msec  ( 99.99%)
    CPU 101 idle for 205697.288  msec  ( 99.98%)
    CPU 102 idle for 205706.210  msec  ( 99.99%)
    CPU 103 idle for 205675.211  msec  ( 99.97%)
    CPU 104 idle for 205705.550  msec  ( 99.99%)
    CPU 105 idle for 205707.689  msec  ( 99.99%)
    CPU 106 idle for 205707.532  msec  ( 99.99%)
    CPU 107 idle for 205708.768  msec  ( 99.99%)
    CPU 108 idle for 205669.988  msec  ( 99.97%)
    CPU 109 idle for 202089.306  msec  ( 98.23%)
    CPU 110 idle for 205703.854  msec  ( 99.99%)
    CPU 111 idle for 205103.707  msec  ( 99.69%)

    Total number of unique tasks: 514
Total number of context switches: 3693633
           Total run time (msec): 366641.560 
    Total scheduling time (msec): 205732.380  (x 112)
