
Runtime summary
                          comm  parent   sched-in     run-time    min-run     avg-run     max-run  stddev  migrations
                                          (count)       (msec)     (msec)      (msec)      (msec)       %
---------------------------------------------------------------------------------------------------------------------
                    systemd[1]       0          6        1.039      0.138       0.173       0.276   12.41       0
             migration/40[257]       2         40        0.302      0.003       0.007       0.040   12.50       0
             migration/83[515]       2         40        0.341      0.008       0.008       0.019    3.23       0
              agent[6659/3163]    3163          1        0.046      0.046       0.046       0.046    0.00       0
          kworker/27:1-mm[774]       2         18        0.182      0.006       0.010       0.017    9.06       0
             migration/41[263]       2         40        0.265      0.003       0.006       0.041   14.47       0
          kworker/28:1-ev[775]       2        402       11.489      0.003       0.028       0.100    3.47       0
          kworker/30:1-ev[776]       2        667        4.422      0.002       0.006       0.259    7.37       0
             migration/84[521]       2         40        0.293      0.003       0.007       0.043   14.95       0
          kworker/29:1-mm[777]       2       1088        7.535      0.001       0.006       0.078    3.63       0
            dockerd[4361/2411]    2411         89        4.327      0.010       0.048       0.200    6.26       0
           kworker/u224:0-[10]       2       2196     3499.420      0.006       1.593      48.734    2.51       0
          kworker/31:1-mm[778]       2        676        3.947      0.002       0.005       0.071    3.75       0
              irqbalance[2314]       1         15      135.774      8.954       9.051       9.225    0.19       0
         containerd[4362/2345]    2345          2        1.308      0.023       0.654       1.285   96.43       0
          kworker/32:1-mm[779]       2        451        2.649      0.001       0.005       0.158    6.58       0
          kworker/33:1-mm[780]       2        433        2.392      0.001       0.005       0.267   13.28       0
         jbd2/nvme0n1p2-[1548]       2         71        4.301      0.003       0.060       0.282   12.97       0
            dockerd[4364/2411]    2411          1        0.122      0.122       0.122       0.122    0.00       0
             migration/42[269]       2         40        0.320      0.003       0.008       0.040   11.42       0
          kworker/34:1-mm[781]       2        396        1.988      0.002       0.005       0.043    5.12       0
              agent[4365/3163]    3163          1        0.165      0.165       0.165       0.165    0.00       0
               ksoftirqd/0[14]       2         69        1.000      0.008       0.014       0.127   11.82       0
          kworker/35:1-mm[782]       2        219        1.323      0.002       0.006       0.034    6.78       0
                   gmond[2318]       1         18        7.702      0.065       0.427       1.020   18.57       0
                 rcu_sched[15]       2       2000       31.812      0.005       0.015       0.042    0.62       0
             migration/85[527]       2         40        0.235      0.002       0.005       0.040   16.55       0
          kworker/36:1-mm[783]       2        190        1.515      0.002       0.007       0.042    7.27       0
           kworker/90:1H[1551]       2          3        0.353      0.087       0.117       0.140   13.47       0
               migration/0[16]       2         40        0.373      0.008       0.009       0.042    9.19       0
          kworker/37:1-mm[784]       2        113        0.557      0.002       0.004       0.034    8.67       0
          kworker/38:1-mm[785]       2        132        0.684      0.002       0.005       0.040    9.40       0
         containerd[5905/2345]    2345        419       23.902      0.019       0.057       1.517    6.56       0
          kworker/39:1-mm[786]       2         73        0.464      0.002       0.006       0.033   10.14       0
             migration/43[275]       2         40        0.327      0.003       0.008       0.041   11.45       0
          kworker/40:1-mm[787]       2        102        0.551      0.002       0.005       0.038    9.63       0
       kworker/64:1-mm[145427]       2          5        0.077      0.013       0.015       0.017    5.22       0
          kworker/41:1-mm[788]       2         76        0.384      0.002       0.005       0.016    6.54       0
                  screen[7700]       1          8        2.931      0.040       0.366       1.732   56.34       0
       kworker/61:2-mm[145428]       2          5        0.098      0.013       0.019       0.030   15.74       0
       kworker/u228:1-[571668]       2         45        1.282      0.009       0.028       0.049    3.04       0
             migration/86[533]       2         40        0.218      0.002       0.005       0.041   17.71       0
          kworker/42:1-mm[789]       2        175        1.266      0.002       0.007       0.068    7.44       0
            dockerd[4629/2411]    2411          2        1.589      0.246       0.794       1.342   68.98       0
               migration/1[22]       2         40        0.391      0.008       0.009       0.041    9.95       0
          kworker/43:1-mm[790]       2         44        0.280      0.002       0.006       0.038   16.37       0
          kworker/44:1-ev[791]       2        247        1.456      0.002       0.005       0.034    5.01       0
         kworker/89:1H-k[1303]       2          1        0.063      0.063       0.063       0.063    0.00       0
              snapd[2583/2327]    2327          3        0.544      0.031       0.181       0.460   76.90       0
          kworker/45:1-mm[792]       2         50        0.294      0.002       0.005       0.028   11.22       0
              snapd[2584/2327]    2327          1        0.286      0.286       0.286       0.286    0.00       0
             migration/44[281]       2         40        0.336      0.002       0.008       0.041   11.20       0
          kworker/46:1-ev[793]       2        359        6.802      0.002       0.018       0.139    6.65       0
          systemd-logind[2329]       1          2        0.299      0.129       0.149       0.170   13.60       0
              snapd[2585/2327]    2327          6        1.639      0.027       0.273       1.383   81.32       0
         kworker/82:0-ev[4633]       2        104        3.864      0.004       0.037       0.069    4.68       0
          kworker/47:1-mm[794]       2         98        0.566      0.002       0.005       0.025    6.84       0
             migration/87[539]       2         40        0.211      0.002       0.005       0.041   18.37       0
          kworker/48:1-mm[795]       2        157        1.150      0.002       0.007       0.045    6.39       0
               migration/2[28]       2         40        0.362      0.007       0.009       0.041    9.20       0
          kworker/49:1-mm[796]       2         67        0.408      0.002       0.006       0.038   12.88       0
          kworker/50:1-mm[797]       2         23        0.144      0.002       0.006       0.014   10.67       0
            dockerd[4381/2411]    2411          1        0.949      0.949       0.949       0.949    0.00       0
          kworker/51:1-mm[798]       2         38        0.244      0.002       0.006       0.018    9.58       0
             migration/45[287]       2         40        0.320      0.003       0.008       0.041   11.72       0
          kworker/52:1-mm[799]       2         14        0.109      0.003       0.007       0.016   14.29       0
          kworker/53:1-mm[800]       2         57        0.737      0.002       0.012       0.068   11.91       0
              snapd[2592/2327]    2327          1        1.081      1.081       1.081       1.081    0.00       0
             migration/88[545]       2         40        0.279      0.002       0.006       0.041   13.92       0
          kworker/54:1-mm[801]       2         24        0.169      0.002       0.007       0.018   12.46       0
            dockerd[4385/2411]    2411          1        0.345      0.345       0.345       0.345    0.00       0
               migration/3[34]       2         40        0.372      0.008       0.009       0.042    9.04       0
             ksoftirqd/88[546]       2          1        0.036      0.036       0.036       0.036    0.00       0
          kworker/55:1-mm[802]       2         81        1.500      0.003       0.018       0.049    6.79       0
    containerd-shim[4387/3143]    3143         21        5.124      0.008       0.244       0.848   23.63       0
             migration/46[293]       2         40        0.370      0.003       0.009       0.041    9.39       0
             migration/89[551]       2         40        0.249      0.002       0.006       0.040   15.58       0
               migration/4[40]       2         40        0.367      0.008       0.009       0.042    9.35       0
             migration/47[299]       2         40        0.307      0.003       0.007       0.042   12.54       0
             migration/90[557]       2         40        0.409      0.003       0.010       0.040   14.64       0
               migration/5[46]       2         40        0.360      0.008       0.009       0.036    7.96       0
             migration/48[305]       2         40        0.347      0.003       0.008       0.042   10.60       0
            dockerd[4657/2411]    2411         25        2.004      0.039       0.080       0.802   37.56       0
             migration/91[563]       2         40        0.314      0.003       0.007       0.041   14.93       0
               migration/6[52]       2         40        0.339      0.008       0.008       0.012    1.35       0
             migration/49[311]       2         40        0.353      0.003       0.008       0.039   15.20       0
             migration/92[569]       2         40        0.316      0.003       0.007       0.040   11.58       0
               migration/7[58]       2         40        0.369      0.008       0.009       0.042    9.12       0
             ksoftirqd/92[570]       2          2        0.089      0.034       0.044       0.054   22.62       0
             migration/50[317]       2         40        0.333      0.003       0.008       0.041   11.09       0
          kworker/84:1-mm[829]       2          3        0.059      0.007       0.019       0.032   37.09       0
          kworker/85:1-ev[830]       2        545        3.061      0.001       0.005       0.065    3.84       0
             migration/93[575]       2         40        0.251      0.003       0.006       0.040   14.99       0
          kworker/86:1-mm[831]       2        860        7.516      0.002       0.008       2.624   35.08       0
               migration/8[64]       2         40        0.384      0.008       0.009       0.041   10.39       0
          kworker/87:1-mm[832]       2        848        5.090      0.001       0.006       0.287    6.54       0
          kworker/88:1-mm[833]       2       1003        6.660      0.002       0.006       0.281    6.33       0
          kworker/89:1-mm[834]       2        671        3.556      0.001       0.005       0.322   10.22       0
             migration/51[323]       2         40        0.350      0.003       0.008       0.041   13.84       0
          kworker/90:1-mm[835]       2        415        2.596      0.001       0.006       0.075    6.10       0
          kworker/91:1-mm[836]       2        459        2.949      0.001       0.006       0.389   14.63       0
       kworker/u225:0-[897860]       2          1        0.013      0.013       0.013       0.013    0.00       0
             migration/94[581]       2         40        0.214      0.002       0.005       0.040   17.21       0
          kworker/92:1-mm[837]       2        501        2.765      0.001       0.005       0.288   12.01       0
               migration/9[70]       2         40        0.366      0.008       0.009       0.041    9.19       0
          kworker/93:1-mm[838]       2        451        2.347      0.002       0.005       0.137    7.13       0
          kworker/94:1-mm[839]       2        302        1.818      0.001       0.006       0.098    7.34       0
          kworker/95:1-mm[840]       2        267        1.683      0.002       0.006       0.047    5.17       0
    containerd-shim[3144/3143]    3143         12        0.287      0.010       0.023       0.043   17.02       0
             migration/52[329]       2         40        0.330      0.003       0.008       0.041   11.32       0
          kworker/96:1-mm[841]       2        229        1.432      0.002       0.006       0.033    4.76       0
    containerd-shim[3145/3143]    3143          6        0.163      0.017       0.027       0.037   11.96       0
          kworker/97:1-mm[842]       2        397        2.225      0.001       0.005       0.253   12.23       0
             migration/95[587]       2         40        0.231      0.003       0.005       0.039   15.61       0
          kworker/98:1-mm[843]       2        135        0.809      0.001       0.005       0.080   10.79       0
              migration/10[76]       2         40        0.370      0.008       0.009       0.042    9.31       0
          kworker/99:1-mm[844]       2        306        1.823      0.002       0.005       0.144    8.55       0
          kworker/100:1-m[845]       2         42        0.408      0.003       0.009       0.074   17.94       0
          kworker/101:1-m[846]       2        257        1.699      0.002       0.006       0.070    7.02       0
             migration/53[335]       2         40        0.368      0.003       0.009       0.040    9.26       0
          kworker/102:1-m[847]       2         27        0.223      0.003       0.008       0.019   12.96       0
              snapd[2639/2327]    2327          1        1.184      1.184       1.184       1.184    0.00       0
    containerd-shim[3151/3143]    3143         45        5.165      0.006       0.114       0.711   23.99       0
          kworker/103:1-m[848]       2        193        1.246      0.002       0.006       0.150   12.56       0
         containerd[2384/2345]    2345       1304       29.744      0.005       0.022       0.061    1.06       0
             migration/96[593]       2         40        0.237      0.003       0.005       0.040   15.96       0
          kworker/104:1-m[849]       2         80        0.737      0.002       0.009       0.271   36.27       0
       kworker/u226:0-[916817]       2        136      135.464      0.006       0.996      21.633   20.44       0
              migration/11[82]       2         40        0.365      0.008       0.009       0.042    9.25       0
          kworker/105:1-m[850]       2        190        1.125      0.001       0.005       0.087    8.29       0
         containerd[2386/2345]    2345          1        0.785      0.785       0.785       0.785    0.00       0
          kworker/106:1-m[851]       2        180        1.330      0.002       0.007       0.070    8.23       0
         containerd[2387/2345]    2345          4        0.652      0.024       0.163       0.532   75.81       0
          kworker/107:1-m[852]       2        189        1.129      0.001       0.005       0.037    5.36       0
              snapd[2644/2327]    2327          2        0.064      0.020       0.032       0.044   36.47       0
             migration/54[341]       2         40        0.226      0.003       0.005       0.041   16.60       0
          kworker/108:1-m[853]       2        254        2.012      0.002       0.007       0.143   10.09       0
              snapd[2645/2327]    2327          1        0.789      0.789       0.789       0.789    0.00       0
       kworker/u225:3-[906325]       2        488       11.614      0.009       0.023       0.260    2.89       0
       kworker/u225:2-[916821]       2       1142       38.063      0.004       0.033       4.723   17.46       0
          kworker/109:1-m[854]       2        255        1.693      0.001       0.006       0.139   10.02       0
              snapd[2646/2327]    2327          1        0.094      0.094       0.094       0.094    0.00       0
             migration/97[599]       2         40        0.279      0.003       0.006       0.040   13.40       0
          kworker/110:1-m[855]       2        215        1.117      0.001       0.005       0.033    4.59       0
         containerd[2391/2345]    2345        515       27.176      0.018       0.052       1.573    5.88       0
         kworker/29:1H-k[4951]       2          3        0.209      0.066       0.069       0.072    2.39       0
              migration/12[88]       2         40        0.367      0.008       0.009       0.041    9.11       0
          kworker/111:1-m[856]       2        219        1.968      0.001       0.008       0.098    9.24       0
         containerd[2394/2345]    2345          1        0.066      0.066       0.066       0.066    0.00       0
             migration/55[347]       2         41        0.369      0.003       0.009       0.045   14.51       0
         containerd[2395/2345]    2345          1        1.104      1.104       1.104       1.104    0.00       0
                   agent[3163]    3143          2        1.538      0.038       0.769       1.499   94.97       0
         containerd[2396/2345]    2345        638       32.616      0.020       0.051       1.776    5.63       0
             migration/98[605]       2         40        0.325      0.003       0.008       0.041   11.35       0
         containerd[2397/2345]    2345          1        0.644      0.644       0.644       0.644    0.00       0
              migration/13[94]       2         40        0.368      0.008       0.009       0.041    9.09       0
         kworker/35:1H-k[1374]       2         70        2.263      0.012       0.032       0.067    3.11       0
         containerd[2398/2345]    2345          3        1.033      0.019       0.344       0.985   93.05       0
         systemd-journal[1631]       1          2        0.292      0.085       0.146       0.206   41.59       0
         containerd[2399/2345]    2345          1        1.130      1.130       1.130       1.130    0.00       0
       docker-proxy[2911/2887]    2887          4        0.100      0.023       0.025       0.030    7.15       0
             migration/56[353]       2         40        0.397      0.008       0.009       0.043   10.46       0
         containerd[5729/2345]    2345          2        0.268      0.026       0.134       0.242   80.07       0
             migration/99[611]       2         40        0.334      0.003       0.008       0.041   10.97       0
             migration/14[100]       2         40        0.367      0.008       0.009       0.042    9.22       0
         kworker/53:1H-k[1380]       2        665       18.046      0.007       0.027       0.147    2.46       0
             ksoftirqd/14[101]       2          1        0.016      0.016       0.016       0.016    0.00       0
             migration/57[359]       2         40        0.362      0.008       0.009       0.041    9.04       0
         containerd[2407/2345]    2345        222       13.852      0.012       0.062       0.715    5.46       0
                  sudo[916839]    7701          5        0.370      0.034       0.074       0.107   17.45       0
         containerd[2408/2345]    2345          1        0.353      0.353       0.353       0.353    0.00       0
              snapd[2664/2327]    2327          1        0.919      0.919       0.919       0.919    0.00       0
                  sudo[916840]   916839          1        0.077      0.077       0.077       0.077    0.00       0
            migration/100[617]       2         40        0.333      0.003       0.008       0.040   10.78       0
              agent[4457/3163]    3163          1        0.772      0.772       0.772       0.772    0.00       0
                  perf[916841]   916840        682     2983.794      0.000       4.375      19.689    3.04       0
             migration/15[106]       2         40        0.366      0.007       0.009       0.042    9.21       0
             migration/58[365]       2         40        0.365      0.008       0.009       0.040    8.86       0
              snapd[2669/2327]    2327          1        0.560      0.560       0.560       0.560    0.00       0
         containerd[4461/2345]    2345          1        1.370      1.370       1.370       1.370    0.00       0
           perf[916845/916841]   916841        156       16.930      0.068       0.108       0.750    3.92       0
              snapd[2670/2327]    2327          1        0.878      0.878       0.878       0.878    0.00       0
            migration/101[623]       2         40        0.305      0.003       0.007       0.040   12.25       0
             migration/16[112]       2         40        0.396      0.008       0.009       0.042   10.24       0
              snapd[2674/2327]    2327          1        1.024      1.024       1.024       1.024    0.00       0
             migration/59[371]       2         40        0.364      0.008       0.009       0.041    9.11       0
              snapd[2675/2327]    2327          3        0.404      0.031       0.134       0.335   74.24       0
            migration/102[629]       2         40        0.380      0.006       0.009       0.040    8.46       0
            dockerd[2421/2411]    2411        102        2.437      0.010       0.023       0.036    1.07       0
            dockerd[2677/2411]    2411          1        0.583      0.583       0.583       0.583    0.00       0
         kworker/60:0-mm[5749]       2          5        0.129      0.013       0.025       0.034   18.21       0
             migration/17[118]       2         40        0.367      0.008       0.009       0.040    8.85       0
          kworker/u224:1-[886]       2         17        0.185      0.010       0.010       0.011    0.63       0
       docker-proxy[2934/2924]    2924          4        0.064      0.013       0.016       0.019    8.81       0
            dockerd[2679/2411]    2411          2        1.489      0.162       0.744       1.326   78.17       0
            dockerd[2424/2411]    2411          3        1.697      0.020       0.565       1.356   71.55       0
             migration/60[377]       2         40        0.364      0.008       0.009       0.040    8.90       0
            migration/103[635]       2         40        0.291      0.003       0.007       0.041   13.14       0
            dockerd[2427/2411]    2411          5        1.603      0.014       0.320       1.281   75.25       0
             migration/18[124]       2         40        0.368      0.008       0.009       0.041    9.13       0
            dockerd[2428/2411]    2411          1        1.384      1.384       1.384       1.384    0.00       0
            dockerd[2429/2411]    2411         24        3.076      0.012       0.128       1.750   56.36       0
             migration/61[383]       2         40        0.339      0.008       0.008       0.017    2.65       0
                 rpcbind[2175]       1          5        0.133      0.025       0.026       0.030    3.45       0
            migration/104[641]       2         40        0.332      0.003       0.008       0.040   10.78       0
             migration/19[130]       2         40        0.367      0.008       0.009       0.041    9.03       0
              agent[4482/3163]    3163          2        0.886      0.049       0.443       0.837   88.93       0
              agent[4483/3163]    3163          2        1.234      0.041       0.617       1.192   93.21       0
              multipathd[1668]       1        156        2.379      0.005       0.015       0.044    3.42       0
    containerd-shim[4228/3143]    3143         34        5.312      0.007       0.156       0.926   25.13       0
             migration/62[389]       2         40        0.336      0.008       0.008       0.013    1.56       0
         systemd-timesyn[2182]       1          1        0.135      0.135       0.135       0.135    0.00       0
            migration/105[647]       2         40        0.352      0.003       0.008       0.040   14.91       0
            dockerd[2695/2411]    2411          1        1.135      1.135       1.135       1.135    0.00       0
             migration/20[136]       2         40        0.367      0.008       0.009       0.041    9.04       0
          kworker/3:2-mm_[904]       2          5        0.320      0.033       0.064       0.115   22.74       0
          kworker/4:2-mm_[905]       2          1        0.018      0.018       0.018       0.018    0.00       0
             migration/63[395]       2         40        0.344      0.008       0.008       0.019    3.38       0
          kworker/6:2-mm_[907]       2          3        0.034      0.007       0.011       0.014   17.91       0
         multipathd[1675/1668]    1668          5        0.106      0.020       0.021       0.023    3.27       0
         multipathd[1676/1668]    1668        156        5.124      0.014       0.032       0.042    1.12       0
            migration/106[653]       2         40        0.339      0.003       0.008       0.041   13.93       0
          kworker/8:2-eve[909]       2         78        2.714      0.018       0.034       0.053    1.67       0
             migration/21[142]       2         40        0.364      0.008       0.009       0.040    8.94       0
          kworker/11:2-ev[912]       2        157        1.961      0.010       0.012       0.135    7.22       0
             migration/64[401]       2         40        0.344      0.008       0.008       0.020    3.44       0
          kworker/12:2-mm[913]       2         24        0.296      0.010       0.012       0.048   12.90       0
          kworker/13:2-mm[914]       2          4        0.061      0.010       0.015       0.019   12.20       0
            migration/107[659]       2         40        0.315      0.003       0.007       0.041   11.92       0
             migration/22[148]       2         40        0.388      0.005       0.009       0.042   10.68       0
              agent[4246/3163]    3163         64        0.647      0.004       0.010       0.040    8.10       0
             migration/65[407]       2         40        0.365      0.008       0.009       0.041    9.03       0
              agent[4247/3163]    3163          4        2.232      0.029       0.558       1.542   60.86       0
              gmond[3992/2318]    2318       1561       34.243      0.010       0.021       0.045    0.30       0
              agent[4248/3163]    3163          1        1.200      1.200       1.200       1.200    0.00       0
            migration/108[665]       2         40        0.321      0.003       0.008       0.041   11.66       0
              agent[4249/3163]    3163          1        1.233      1.233       1.233       1.233    0.00       0
             migration/23[154]       2         40        0.438      0.008       0.010       0.042   11.61       0
              agent[4250/3163]    3163          1        0.346      0.346       0.346       0.346    0.00       0
             munged[3995/3994]    3994          4        0.649      0.017       0.162       0.218   29.89       0
              agent[4251/3163]    3163          3        0.070      0.021       0.023       0.027    8.70       0
              agent[4252/3163]    3163          3        2.015      0.031       0.671       1.775   82.46       0
             migration/66[413]       2         40        0.369      0.008       0.009       0.042    9.11       0
          kworker/25:2-ev[926]       2         86       10.781      0.013       0.125       0.152    2.37       0
              agent[4254/3163]    3163          2        0.844      0.048       0.422       0.796   88.54       0
            migration/109[671]       2         40        0.326      0.003       0.008       0.040   11.24       0
          kworker/26:2-mm[927]       2         14        0.187      0.006       0.013       0.033   14.11       0
                  sshd[897951]   897932        210       19.590      0.059       0.093       0.138    0.56       0
             migration/24[160]       2         40        0.368      0.008       0.009       0.041    8.99       0
                  bash[897952]   897951        153       81.364      0.021       0.531       4.385   15.59       0
            dockerd[4257/2411]    2411          1        1.469      1.469       1.469       1.469    0.00       0
             migration/67[419]       2         40        0.365      0.008       0.009       0.041    9.07       0
            migration/110[677]       2         40        0.231      0.003       0.005       0.040   16.24       0
           systemd-udevd[1701]       1          2        0.261      0.101       0.130       0.160   22.28       0
             migration/25[166]       2         40        0.395      0.008       0.009       0.041   10.63       0
             migration/68[425]       2         40        0.366      0.008       0.009       0.041    9.18       0
            migration/111[683]       2         39        0.273      0.003       0.007       0.009    5.27       0
             migration/26[172]       2         40        0.411      0.008       0.010       0.041   10.60       0
       kworker/21:0-mm[674733]       2          1        0.006      0.006       0.006       0.006    0.00       0
       kworker/u226:2-[909997]       2       1065     5320.366      0.003       4.995      79.597    5.73       0
             migration/69[431]       2         40        0.370      0.008       0.009       0.042    9.15       0
             migration/27[178]       2         40        0.369      0.008       0.009       0.039    8.45       0
          kworker/0:2-kac[690]       2        609      131.575      0.012       0.216       0.599    3.91       0
               khungtaskd[691]       2          1        0.221      0.221       0.221       0.221    0.00       0
             migration/70[437]       2         40        0.365      0.008       0.009       0.042    9.28       0
              agent[4277/3163]    3163          1        0.468      0.468       0.468       0.468    0.00       0
               kcompactd0[694]       2        305        4.490      0.007       0.014       0.039    2.92       0
              agent[4278/3163]    3163          5        1.477      0.011       0.295       1.362   90.24       0
               kcompactd1[695]       2        305        4.312      0.004       0.014       0.046    3.03       0
             migration/28[184]       2         40        0.246      0.003       0.006       0.043   16.27       0
               khugepaged[697]       2         33        1.293      0.007       0.039       0.083   10.29       0
             migration/71[443]       2         40        0.363      0.005       0.009       0.041    9.15       0
              agent[4541/3163]    3163          2        0.294      0.041       0.147       0.252   71.52       0
             migration/29[191]       2         40        0.251      0.003       0.006       0.041   15.29       0
          kworker/59:2-mm[960]       2          2        0.043      0.013       0.021       0.030   39.88       0
         kworker/19:3-mm[4288]       2          2        0.115      0.053       0.057       0.062    7.69       0
             migration/72[449]       2         40        0.364      0.008       0.009       0.042    9.42       0
         kworker/108:1H-[1476]       2        337       10.284      0.007       0.030       0.177    3.09       0
             migration/30[197]       2         40        0.261      0.003       0.006       0.041   15.85       0
             migration/73[455]       2         40        0.357      0.007       0.008       0.040    9.15       0
          kworker/67:2-mm[968]       2         64        0.711      0.010       0.011       0.048    5.41       0
              snapd[2505/2327]    2327          6        0.162      0.013       0.027       0.049   24.04       0
    containerd-shim[4297/3143]    3143         39        5.491      0.007       0.140       0.795   23.91       0
         containerd[4298/2345]    2345          1        0.563      0.563       0.563       0.563    0.00       0
             migration/31[203]       2         40        0.230      0.002       0.005       0.041   17.97       0
          kworker/70:2-mm[971]       2          1        0.032      0.032       0.032       0.032    0.00       0
          kworker/71:2-ev[972]       2         78        5.527      0.062       0.070       0.094    1.08       0
              snapd[2508/2327]    2327          1        1.585      1.585       1.585       1.585    0.00       0
             migration/74[461]       2         40        0.360      0.008       0.009       0.041    9.21       0
          kworker/72:2-mm[973]       2          1        0.014      0.014       0.014       0.014    0.00       0
            dockerd[4303/2411]    2411          1        0.896      0.896       0.896       0.896    0.00       0
            dockerd[4304/2411]    2411         30        3.756      0.025       0.125       1.281   36.85       0
             migration/32[209]       2         40        0.317      0.003       0.007       0.041   12.14       0
              agent[4305/3163]    3163          2        0.589      0.056       0.294       0.532   80.76       0
         kworker/62:1-mm[6609]       2         83       10.653      0.012       0.128       0.162    2.34       0
              agent[4306/3163]    3163          1        0.956      0.956       0.956       0.956    0.00       0
             migration/75[467]       2         40        0.364      0.008       0.009       0.041    9.18       0
         kworker/63:0-ev[5331]       2        287        6.736      0.009       0.023       0.039    2.42       0
         containerd[4308/2345]    2345        206       11.646      0.011       0.056       0.441    4.21       0
          kworker/81:2-ev[982]       2         13        0.308      0.012       0.023       0.067   21.08       0
             migration/33[215]       2         40        0.274      0.003       0.006       0.041   13.90       0
          kworker/83:2-mm[984]       2          9        0.166      0.006       0.018       0.060   31.30       0
             migration/76[473]       2         40        0.365      0.008       0.009       0.041    8.98       0
         kworker/68:0-ev[5337]       2        259        2.746      0.008       0.010       0.048    1.40       0
         systemd-network[2266]       1         16        2.864      0.068       0.179       0.364   16.33       0
         containerd[4571/2345]    2345          2        0.370      0.010       0.185       0.360   94.38       0
         systemd-resolve[2268]       1          1        0.141      0.141       0.141       0.141    0.00       0
             migration/34[221]       2         40        0.357      0.003       0.008       0.040   10.04       0
             migration/77[479]       2         40        0.362      0.008       0.009       0.029    6.36       0
             migration/35[227]       2         40        0.365      0.004       0.009       0.041   11.27       0
             migration/78[485]       2         40        0.365      0.006       0.009       0.041    9.07       0
         kworker/80:0-ev[4837]       2         78        6.124      0.073       0.078       0.099    0.76       0
             migration/36[233]       2         40        0.324      0.003       0.008       0.041   11.32       0
         containerd[4329/2345]    2345          2        0.204      0.010       0.102       0.193   89.57       0
            dockerd[4330/2411]    2411          1        0.673      0.673       0.673       0.673    0.00       0
             migration/79[491]       2         40        0.368      0.008       0.009       0.041    9.06       0
            dockerd[4331/2411]    2411          1        0.431      0.431       0.431       0.431    0.00       0
         containerd[4332/2345]    2345          1        0.889      0.889       0.889       0.889    0.00       0
            dockerd[4333/2411]    2411          1        0.031      0.031       0.031       0.031    0.00       0
            dockerd[4334/2411]    2411          1        0.237      0.237       0.237       0.237    0.00       0
             migration/37[239]       2         40        0.279      0.003       0.006       0.040   13.49       0
             migration/80[497]       2         40        0.362      0.008       0.009       0.041    9.22       0
             ksoftirqd/80[498]       2          5        0.050      0.009       0.010       0.010    0.92       0
              snapd[2546/2327]    2327          6        1.274      0.008       0.212       0.590   39.68       0
              snapd[2547/2327]    2327          1        0.683      0.683       0.683       0.683    0.00       0
             migration/38[245]       2         40        0.277      0.003       0.006       0.040   13.73       0
       kworker/78:0-mm[674037]       2          1        0.013      0.013       0.013       0.013    0.00       0
             migration/81[503]       2         40        0.364      0.008       0.009       0.041    9.15       0
       kworker/2:0-mm_[674039]       2          8        0.186      0.014       0.023       0.034   11.40       0
          kworker/14:1-mm[761]       2          1        0.014      0.014       0.014       0.014    0.00       0
       kworker/22:0-ev[674041]       2          3        0.128      0.031       0.042       0.056   16.86       0
             migration/39[251]       2         40        0.291      0.003       0.007       0.040   12.94       0
                    cron[2300]       1          2        0.126      0.057       0.063       0.069    9.79       0
             migration/82[509]       2         40        0.386      0.008       0.009       0.041   10.51       0
                :-1[-1/916844]      -1      13586    16970.714      0.007       1.249     112.978    4.05       0

Terminated tasks:
          lcpan[930305/916844]   916844          1        1.207      1.207       1.207       1.207    0.00       0
          lcpan[929284/916844]   916844          1        2.218      2.218       2.218       2.218    0.00       0
          lcpan[920071/916844]   916844          1        3.627      3.627       3.627       3.627    0.00       0
          lcpan[920072/916844]   916844          1        3.604      3.604       3.604       3.604    0.00       0
          lcpan[920073/916844]   916844          1        3.581      3.581       3.581       3.581    0.00       0
          lcpan[920080/916844]   916844          1        0.078      0.078       0.078       0.078    0.00       0
          lcpan[928018/916844]   916844          1        1.332      1.332       1.332       1.332    0.00       0
          lcpan[928021/916844]   916844          1        1.260      1.260       1.260       1.260    0.00       0
          lcpan[923931/916844]   916844          1        0.608      0.608       0.608       0.608    0.00       0
          lcpan[923933/916844]   916844          1        0.560      0.560       0.560       0.560    0.00       0
          lcpan[923935/916844]   916844          1        3.946      3.946       3.946       3.946    0.00       0
          lcpan[920613/916844]   916844          1        0.055      0.055       0.055       0.055    0.00       0
          lcpan[920870/916844]   916844          1        2.863      2.863       2.863       2.863    0.00       0
          lcpan[919335/916844]   916844          1        5.383      5.383       5.383       5.383    0.00       0
          lcpan[919847/916844]   916844          1        2.820      2.820       2.820       2.820    0.00       0
          lcpan[920615/916844]   916844          1        0.312      0.312       0.312       0.312    0.00       0
          lcpan[920871/916844]   916844          1        2.828      2.828       2.828       2.828    0.00       0
          lcpan[919848/916844]   916844          1        2.820      2.820       2.820       2.820    0.00       0
          lcpan[920616/916844]   916844          1        0.268      0.268       0.268       0.268    0.00       0
          lcpan[920872/916844]   916844          1        2.829      2.829       2.829       2.829    0.00       0
          lcpan[919337/916844]   916844          1        1.348      1.348       1.348       1.348    0.00       0
          lcpan[919849/916844]   916844          1        2.795      2.795       2.795       2.795    0.00       0
          lcpan[920617/916844]   916844          1        0.268      0.268       0.268       0.268    0.00       0
          lcpan[920618/916844]   916844          1        0.129      0.129       0.129       0.129    0.00       0
          lcpan[920877/916844]   916844          1        3.204      3.204       3.204       3.204    0.00       0
          lcpan[929581/916844]   916844          1        2.343      2.343       2.343       2.343    0.00       0
          lcpan[920623/916844]   916844          1        1.216      1.216       1.216       1.216    0.00       0
          lcpan[920624/916844]   916844          1        1.214      1.214       1.214       1.214    0.00       0
          lcpan[920625/916844]   916844          1        1.172      1.172       1.172       1.172    0.00       0
          lcpan[918067/916844]   916844          1        0.004      0.004       0.004       0.004    0.00       0
          lcpan[918837/916844]   916844          1        0.039      0.039       0.039       0.039    0.00       0
          lcpan[918840/916844]   916844          1        3.519      3.519       3.519       3.519    0.00       0
          lcpan[918841/916844]   916844          1        3.476      3.476       3.476       3.476    0.00       0
          lcpan[920634/916844]   916844          1        0.455      0.455       0.455       0.455    0.00       0
          lcpan[924218/916844]   916844          1        1.622      1.622       1.622       1.622    0.00       0
          lcpan[920636/916844]   916844          1        0.423      0.423       0.423       0.423    0.00       0
          lcpan[924221/916844]   916844          1        1.583      1.583       1.583       1.583    0.00       0
          lcpan[924733/916844]   916844          1        1.900      1.900       1.900       1.900    0.00       0
          lcpan[923466/916844]   916844          1        2.983      2.983       2.983       2.983    0.00       0
          lcpan[924490/916844]   916844          1       44.618     44.618      44.618      44.618    0.00       0
          lcpan[924746/916844]   916844          1        2.193      2.193       2.193       2.193    0.00       0
          lcpan[924491/916844]   916844          1        0.981      0.981       0.981       0.981    0.00       0
          lcpan[924747/916844]   916844          1        2.157      2.157       2.157       2.157    0.00       0
          lcpan[924236/916844]   916844          1        3.012      3.012       3.012       3.012    0.00       0
          lcpan[924492/916844]   916844          1        0.956      0.956       0.956       0.956    0.00       0
          lcpan[924493/916844]   916844          1        0.956      0.956       0.956       0.956    0.00       0
          lcpan[921167/916844]   916844          1        0.498      0.498       0.498       0.498    0.00       0
          lcpan[924752/916844]   916844          1        0.219      0.219       0.219       0.219    0.00       0
          lcpan[924753/916844]   916844          1        0.220      0.220       0.220       0.220    0.00       0
          lcpan[921172/916844]   916844          1        0.148      0.148       0.148       0.148    0.00       0
          lcpan[924500/916844]   916844          1        9.132      9.132       9.132       9.132    0.00       0
          lcpan[921173/916844]   916844          1        0.125      0.125       0.125       0.125    0.00       0
          lcpan[919894/916844]   916844          1        3.170      3.170       3.170       3.170    0.00       0
          lcpan[921174/916844]   916844          1        1.866      1.866       1.866       1.866    0.00       0
          lcpan[921175/916844]   916844          1        1.779      1.779       1.779       1.779    0.00       0
          lcpan[924759/916844]   916844          1        3.987      3.987       3.987       3.987    0.00       0
          lcpan[921177/916844]   916844          1        1.744      1.744       1.744       1.744    0.00       0
          lcpan[924761/916844]   916844          1        3.950      3.950       3.950       3.950    0.00       0
          lcpan[921179/916844]   916844          1        1.154      1.154       1.154       1.154    0.00       0
          lcpan[918878/916844]   916844          1        0.413      0.413       0.413       0.413    0.00       0
          lcpan[918879/916844]   916844          1        0.396      0.396       0.396       0.396    0.00       0
          lcpan[918884/916844]   916844          1        0.700      0.700       0.700       0.700    0.00       0
          lcpan[919398/916844]   916844          1        1.949      1.949       1.949       1.949    0.00       0
          lcpan[921190/916844]   916844          1        3.745      3.745       3.745       3.745    0.00       0
          lcpan[921191/916844]   916844          1        3.708      3.708       3.708       3.708    0.00       0
          lcpan[919400/916844]   916844          1        1.869      1.869       1.869       1.869    0.00       0
          lcpan[921192/916844]   916844          1        3.708      3.708       3.708       3.708    0.00       0
          lcpan[919402/916844]   916844          1       16.809     16.809      16.809      16.809    0.00       0
          lcpan[919403/916844]   916844          1        0.710      0.710       0.710       0.710    0.00       0
                  main[916844]   916841      85771   114999.176      0.001       1.340    1347.216    4.40       0
          lcpan[919404/916844]   916844          1       16.776     16.776      16.776      16.776    0.00       0
          lcpan[924780/916844]   916844          1        2.729      2.729       2.729       2.729    0.00       0
          lcpan[919405/916844]   916844          1        0.669      0.669       0.669       0.669    0.00       0
          lcpan[924781/916844]   916844          1        2.689      2.689       2.689       2.689    0.00       0
          lcpan[923514/916844]   916844          1        0.324      0.324       0.324       0.324    0.00       0
       worker-1[930426/916844]   916844     741116    47906.838      0.001       0.064     566.678    5.01       0
          lcpan[923515/916844]   916844          1        0.307      0.307       0.307       0.307    0.00       0
       worker-2[930427/916844]   916844     440307    62386.200      0.001       0.141     819.973    5.68       0
          lcpan[921980/916844]   916844          1        2.950      2.950       2.950       2.950    0.00       0
       worker-3[930428/916844]   916844     632924    67364.768      0.001       0.106     991.994    5.57       0
       worker-4[930429/916844]   916844     780332    49428.008      0.000       0.063     721.681    4.51       0
  journal-offline[930430/1631]    1631          2        0.129      0.018       0.064       0.111   72.13       0
          lcpan[923519/916844]   916844          1        0.060      0.060       0.060       0.060    0.00       0
  journal-offline[930431/1631]    1631          2        0.115      0.008       0.057       0.107   86.13       0
          lcpan[923520/916844]   916844          1        0.059      0.059       0.059       0.059    0.00       0
              utempter[930432]    7700          8        5.010      0.018       0.626       4.209   82.16       0
                    ls[930433]   897952          1        1.324      1.324       1.324       1.324    0.00       0
                  bash[930434]   897952          1        1.543      1.543       1.543       1.543    0.00       0
                  bash[930435]   897952          1        2.596      2.596       2.596       2.596    0.00       0
                  bash[930436]   897952          1        2.163      2.163       2.163       2.163    0.00       0
          lcpan[923525/916844]   916844          1        1.189      1.189       1.189       1.189    0.00       0
                  bash[930437]   897952          4        1.878      0.194       0.469       0.645   20.56       0
          lcpan[923526/916844]   916844          1        1.072      1.072       1.072       1.072    0.00       0
                  bash[930438]   897952          1        1.613      1.613       1.613       1.613    0.00       0
                  bash[930439]   897952          3        1.926      0.473       0.642       0.833   16.28       0
                  bash[930440]   897952          1        2.165      2.165       2.165       2.165    0.00       0
                  bash[930441]   897952          4        2.095      0.222       0.523       0.674   19.90       0
                  bash[930442]   897952          1        2.150      2.150       2.150       2.150    0.00       0
          lcpan[923275/916844]   916844          1        0.217      0.217       0.217       0.217    0.00       0
                  bash[930443]   897952          4        1.925      0.036       0.481       0.821   34.58       0
          lcpan[923020/916844]   916844          1        1.567      1.567       1.567       1.567    0.00       0
                  bash[930444]   897952          1        2.223      2.223       2.223       2.223    0.00       0
          lcpan[923021/916844]   916844          1        1.527      1.527       1.527       1.527    0.00       0
                  bash[930445]   897952          7        1.855      0.024       0.265       0.844   46.45       0
                  bash[930446]   897952          2        2.204      0.107       1.102       2.097   90.28       0
                  bash[930447]   897952          2        1.898      0.838       0.949       1.060   11.69       0
          lcpan[923280/916844]   916844          1       20.249     20.249      20.249      20.249    0.00       0
                  bash[930448]   897952          1        1.829      1.829       1.829       1.829    0.00       0
          lcpan[923281/916844]   916844          1       20.210     20.210      20.210      20.210    0.00       0
                  bash[930449]   897952          6        2.116      0.024       0.352       0.830   41.42       0
                  bash[930450]   897952          1        2.280      2.280       2.280       2.280    0.00       0
          lcpan[923027/916844]   916844          1        1.067      1.067       1.067       1.067    0.00       0
                  bash[930451]   897952          2        1.645      0.774       0.822       0.871    5.87       0
                    ls[930452]   897952          3        1.476      0.058       0.492       1.239   76.27       0
                    ls[930453]   897952          8        6.430      0.018       0.803       3.430   56.95       0
          lcpan[923030/916844]   916844          1        3.250      3.250       3.250       3.250    0.00       0
                  bash[930454]   897952          2        2.200      0.226       1.100       1.974   79.43       0
          lcpan[926615/916844]   916844          1        1.359      1.359       1.359       1.359    0.00       0
                  bash[930455]   897952          2        1.876      0.818       0.938       1.058   12.75       0
          lcpan[926616/916844]   916844          1        1.326      1.326       1.326       1.326    0.00       0
                   cat[930456]   897952          3        1.799      0.070       0.599       1.597   83.21       0
          lcpan[926617/916844]   916844          1        1.333      1.333       1.333       1.333    0.00       0
                  bash[930457]   897952          1        2.158      2.158       2.158       2.158    0.00       0
                  bash[930458]   897952          1        2.690      2.690       2.690       2.690    0.00       0
                  bash[930459]   897952          1        1.044      1.044       1.044       1.044    0.00       0
                  bash[930460]   897952          1        2.545      2.545       2.545       2.545    0.00       0
          lcpan[923037/916844]   916844          1        3.829      3.829       3.829       3.829    0.00       0
          lcpan[925087/916844]   916844          1        0.999      0.999       0.999       0.999    0.00       0
          lcpan[925856/916844]   916844          1        3.460      3.460       3.460       3.460    0.00       0
          lcpan[925857/916844]   916844          1        3.460      3.460       3.460       3.460    0.00       0
          lcpan[922024/916844]   916844          1        3.896      3.896       3.896       3.896    0.00       0
          lcpan[922025/916844]   916844          1        3.898      3.898       3.898       3.898    0.00       0
          lcpan[919469/916844]   916844          1        2.543      2.543       2.543       2.543    0.00       0
          lcpan[919216/916844]   916844          1        0.034      0.034       0.034       0.034    0.00       0
          lcpan[919218/916844]   916844          1        2.269      2.269       2.269       2.269    0.00       0
          lcpan[919219/916844]   916844          1        2.231      2.231       2.231       2.231    0.00       0
          lcpan[919220/916844]   916844          1        2.231      2.231       2.231       2.231    0.00       0
          lcpan[919221/916844]   916844          1        2.213      2.213       2.213       2.213    0.00       0
          lcpan[921269/916844]   916844          1        0.160      0.160       0.160       0.160    0.00       0
          lcpan[922037/916844]   916844          1        0.043      0.043       0.043       0.043    0.00       0
          lcpan[925109/916844]   916844          1        0.479      0.479       0.479       0.479    0.00       0
          lcpan[926394/916844]   916844          1        2.467      2.467       2.467       2.467    0.00       0
          lcpan[923067/916844]   916844          1        0.030      0.030       0.030       0.030    0.00       0
          lcpan[923068/916844]   916844          1        0.030      0.030       0.030       0.030    0.00       0
          lcpan[926396/916844]   916844          1        2.406      2.406       2.406       2.406    0.00       0
          lcpan[922046/916844]   916844          1        2.875      2.875       2.875       2.875    0.00       0
          lcpan[924862/916844]   916844          1        0.023      0.023       0.023       0.023    0.00       0
          lcpan[922047/916844]   916844          1        2.821      2.821       2.821       2.821    0.00       0
          lcpan[926401/916844]   916844          1        3.851      3.851       3.851       3.851    0.00       0
          lcpan[925635/916844]   916844          1        0.913      0.913       0.913       0.913    0.00       0
          lcpan[922052/916844]   916844          1        3.117      3.117       3.117       3.117    0.00       0
          lcpan[922053/916844]   916844          1        3.076      3.076       3.076       3.076    0.00       0
          lcpan[920007/916844]   916844          1        0.653      0.653       0.653       0.653    0.00       0
          lcpan[920012/916844]   916844          1        2.310      2.310       2.310       2.310    0.00       0
          lcpan[928464/916844]   916844          1        1.310      1.310       1.310       1.310    0.00       0
                screen[906453]   897952          9        1.432      0.031       0.159       1.084   72.91       0
          lcpan[919766/916844]   916844          1        0.739      0.739       0.739       0.739    0.00       0
          lcpan[920022/916844]   916844          1        1.533      1.533       1.533       1.533    0.00       0
          lcpan[919767/916844]   916844          1        0.726      0.726       0.726       0.726    0.00       0
          lcpan[920023/916844]   916844          1        1.478      1.478       1.478       1.478    0.00       0
          lcpan[919768/916844]   916844          1        0.727      0.727       0.727       0.727    0.00       0
          lcpan[920024/916844]   916844          1        1.478      1.478       1.478       1.478    0.00       0
          lcpan[919769/916844]   916844          1        0.702      0.702       0.702       0.702    0.00       0
          lcpan[920025/916844]   916844          1        1.438      1.438       1.438       1.438    0.00       0
          lcpan[919770/916844]   916844          1       36.935     36.935      36.935      36.935    0.00       0
          lcpan[919771/916844]   916844          1       36.938     36.938      36.938      36.938    0.00       0
          lcpan[922075/916844]   916844          1        0.044      0.044       0.044       0.044    0.00       0
          lcpan[925659/916844]   916844          1        0.044      0.044       0.044       0.044    0.00       0
          lcpan[926427/916844]   916844          1        2.551      2.551       2.551       2.551    0.00       0
          lcpan[919772/916844]   916844          1       36.903     36.903      36.903      36.903    0.00       0
          lcpan[922076/916844]   916844          1        0.043      0.043       0.043       0.043    0.00       0
          lcpan[925660/916844]   916844          1        0.022      0.022       0.022       0.022    0.00       0
          lcpan[919773/916844]   916844          1       36.906     36.906      36.906      36.906    0.00       0
          lcpan[916960/916844]   916844          1        2.233      2.233       2.233       2.233    0.00       0
          lcpan[921314/916844]   916844          1        2.837      2.837       2.837       2.837    0.00       0
          lcpan[920035/916844]   916844          1        1.854      1.854       1.854       1.854    0.00       0
          lcpan[921315/916844]   916844          1        2.777      2.777       2.777       2.777    0.00       0
          lcpan[920036/916844]   916844          1        1.817      1.817       1.817       1.817    0.00       0
          lcpan[916967/916844]   916844          1        1.110      1.110       1.110       1.110    0.00       0
          lcpan[920807/916844]   916844          1        2.963      2.963       2.963       2.963    0.00       0
          lcpan[918760/916844]   916844          1        1.148      1.148       1.148       1.148    0.00       0
          lcpan[916969/916844]   916844          1        1.072      1.072       1.072       1.072    0.00       0
          lcpan[918761/916844]   916844          1        1.123      1.123       1.123       1.123    0.00       0
          lcpan[920809/916844]   916844          1        2.920      2.920       2.920       2.920    0.00       0
          lcpan[921321/916844]   916844          1        1.596      1.596       1.596       1.596    0.00       0
          lcpan[921322/916844]   916844          1        7.421      7.421       7.421       7.421    0.00       0
          lcpan[923882/916844]   916844          1        3.383      3.383       3.383       3.383    0.00       0
          lcpan[925162/916844]   916844          1        3.482      3.482       3.482       3.482    0.00       0
          lcpan[921323/916844]   916844          1        7.406      7.406       7.406       7.406    0.00       0
          lcpan[923883/916844]   916844          1        3.345      3.345       3.345       3.345    0.00       0
          lcpan[921324/916844]   916844          1        3.310      3.310       3.310       3.310    0.00       0
          lcpan[923884/916844]   916844          1        3.323      3.323       3.323       3.323    0.00       0
          lcpan[925164/916844]   916844          1        3.408      3.408       3.408       3.408    0.00       0
          lcpan[921325/916844]   916844          1        7.345      7.345       7.345       7.345    0.00       0
          lcpan[923885/916844]   916844          1        3.324      3.324       3.324       3.324    0.00       0
          lcpan[925165/916844]   916844          1        3.430      3.430       3.430       3.430    0.00       0
          lcpan[918767/916844]   916844          1        1.676      1.676       1.676       1.676    0.00       0
          lcpan[929264/916844]   916844          1        2.204      2.204       2.204       2.204    0.00       0
          lcpan[928497/916844]   916844          1        1.925      1.925       1.925       1.925    0.00       0
          lcpan[920052/916844]   916844          1        0.078      0.078       0.078       0.078    0.00       0
          lcpan[920822/916844]   916844          1        0.739      0.739       0.739       0.739    0.00       0
          lcpan[921078/916844]   916844          1        1.514      1.514       1.514       1.514    0.00       0
          lcpan[921079/916844]   916844          1        1.453      1.453       1.453       1.453    0.00       0
          lcpan[921335/916844]   916844          1        2.537      2.537       2.537       2.537    0.00       0
          lcpan[920824/916844]   916844          1        0.641      0.641       0.641       0.641    0.00       0
          lcpan[921080/916844]   916844          1        1.453      1.453       1.453       1.453    0.00       0
          lcpan[921081/916844]   916844          1        1.416      1.416       1.416       1.416    0.00       0
          lcpan[920571/916844]   916844          1        0.767      0.767       0.767       0.767    0.00       0
          lcpan[920572/916844]   916844          1        0.729      0.729       0.729       0.729    0.00       0
          lcpan[920573/916844]   916844          1        0.729      0.729       0.729       0.729    0.00       0
          lcpan[929277/916844]   916844          1        0.078      0.078       0.078       0.078    0.00       0
          lcpan[929533/916844]   916844          1        3.170      3.170       3.170       3.170    0.00       0
          lcpan[929278/916844]   916844          1        1.763      1.763       1.763       1.763    0.00       0
          lcpan[929279/916844]   916844          1        1.729      1.729       1.729       1.729    0.00       0

Idle stats:
    CPU  0 idle for 156207.408  msec  ( 99.90%)
    CPU  1 idle for 156340.192  msec  ( 99.99%)
    CPU  2 idle for 156302.410  msec  ( 99.97%)
    CPU  3 idle for 156335.989  msec  ( 99.99%)
    CPU  4 idle for 156338.495  msec  ( 99.99%)
    CPU  5 idle for 156340.133  msec  ( 99.99%)
    CPU  6 idle for 156340.158  msec  ( 99.99%)
    CPU  7 idle for 156340.163  msec  ( 99.99%)
    CPU  8 idle for 156337.395  msec  ( 99.99%)
    CPU  9 idle for 156340.090  msec  ( 99.99%)
    CPU 10 idle for 156328.008  msec  ( 99.98%)
    CPU 11 idle for 156324.398  msec  ( 99.98%)
    CPU 12 idle for 156337.035  msec  ( 99.99%)
    CPU 13 idle for 156337.695  msec  ( 99.99%)
    CPU 14 idle for 156339.870  msec  ( 99.99%)
    CPU 15 idle for 156339.756  msec  ( 99.99%)
    CPU 16 idle for 156336.875  msec  ( 99.99%)
    CPU 17 idle for 156339.807  msec  ( 99.99%)
    CPU 18 idle for 156339.773  msec  ( 99.99%)
    CPU 19 idle for 156336.743  msec  ( 99.99%)
    CPU 20 idle for 156339.698  msec  ( 99.99%)
    CPU 21 idle for 156339.651  msec  ( 99.99%)
    CPU 22 idle for 156300.651  msec  ( 99.96%)
    CPU 23 idle for 156339.221  msec  ( 99.99%)
    CPU 24 idle for 156336.465  msec  ( 99.99%)
    CPU 25 idle for 156153.051  msec  ( 99.87%)
    CPU 26 idle for 156329.898  msec  ( 99.98%)
    CPU 27 idle for 156323.952  msec  ( 99.98%)
    CPU 28 idle for  41328.697  msec  ( 26.43%)
    CPU 29 idle for 112404.704  msec  ( 71.89%)
    CPU 30 idle for  92346.162  msec  ( 59.06%)
    CPU 31 idle for  87673.808  msec  ( 56.07%)
    CPU 32 idle for 155068.278  msec  ( 99.18%)
    CPU 33 idle for 156173.931  msec  ( 99.88%)
    CPU 34 idle for 156265.323  msec  ( 99.94%)
    CPU 35 idle for 156173.480  msec  ( 99.88%)
    CPU 36 idle for 152900.639  msec  ( 97.79%)
    CPU 37 idle for 156332.636  msec  ( 99.98%)
    CPU 38 idle for 156331.884  msec  ( 99.98%)
    CPU 39 idle for 156332.415  msec  ( 99.98%)
    CPU 40 idle for 156331.562  msec  ( 99.98%)
    CPU 41 idle for 156322.105  msec  ( 99.98%)
    CPU 42 idle for 156297.271  msec  ( 99.96%)
    CPU 43 idle for 156325.291  msec  ( 99.98%)
    CPU 44 idle for 156300.707  msec  ( 99.96%)
    CPU 45 idle for 156269.294  msec  ( 99.94%)
    CPU 46 idle for 156290.396  msec  ( 99.96%)
    CPU 47 idle for 156329.297  msec  ( 99.98%)
    CPU 48 idle for 156306.177  msec  ( 99.97%)
    CPU 49 idle for 156335.521  msec  ( 99.99%)
    CPU 50 idle for 156334.104  msec  ( 99.99%)
    CPU 51 idle for 156337.113  msec  ( 99.99%)
    CPU 52 idle for 156338.026  msec  ( 99.99%)
    CPU 53 idle for 152908.867  msec  ( 97.79%)
    CPU 54 idle for 156337.772  msec  ( 99.99%)
    CPU 55 idle for 153709.316  msec  ( 98.31%)
    CPU 56 idle for 156338.113  msec  ( 99.99%)
    CPU 57 idle for 156338.325  msec  ( 99.99%)
    CPU 58 idle for 156338.301  msec  ( 99.99%)
    CPU 59 idle for 156337.868  msec  ( 99.99%)
    CPU 60 idle for 156338.039  msec  ( 99.99%)
    CPU 61 idle for 156335.271  msec  ( 99.99%)
    CPU 62 idle for 156322.665  msec  ( 99.98%)
    CPU 63 idle for 156319.998  msec  ( 99.98%)
    CPU 64 idle for 156321.365  msec  ( 99.98%)
    CPU 65 idle for 156337.553  msec  ( 99.99%)
    CPU 66 idle for 156338.287  msec  ( 99.99%)
    CPU 67 idle for 156334.619  msec  ( 99.99%)
    CPU 68 idle for 156315.066  msec  ( 99.97%)
    CPU 69 idle for 156338.182  msec  ( 99.99%)
    CPU 70 idle for 156335.742  msec  ( 99.99%)
    CPU 71 idle for 156332.596  msec  ( 99.98%)
    CPU 72 idle for 156337.936  msec  ( 99.99%)
    CPU 73 idle for 156338.056  msec  ( 99.99%)
    CPU 74 idle for 156338.018  msec  ( 99.99%)
    CPU 75 idle for 156337.979  msec  ( 99.99%)
    CPU 76 idle for 156337.945  msec  ( 99.99%)
    CPU 77 idle for 156337.988  msec  ( 99.99%)
    CPU 78 idle for 156337.942  msec  ( 99.99%)
    CPU 79 idle for 156317.936  msec  ( 99.97%)
    CPU 80 idle for 156331.722  msec  ( 99.98%)
    CPU 81 idle for 156295.792  msec  ( 99.96%)
    CPU 82 idle for 156307.234  msec  ( 99.97%)
    CPU 83 idle for 156327.639  msec  ( 99.98%)
    CPU 84 idle for 156336.364  msec  ( 99.99%)
    CPU 85 idle for 148142.727  msec  ( 94.75%)
    CPU 86 idle for 153729.414  msec  ( 98.32%)
    CPU 87 idle for 153466.312  msec  ( 98.15%)
    CPU 88 idle for 141727.125  msec  ( 90.64%)
    CPU 89 idle for 118504.872  msec  ( 75.79%)
    CPU 90 idle for 156210.473  msec  ( 99.91%)
    CPU 91 idle for 156270.381  msec  ( 99.94%)
    CPU 92 idle for 156289.303  msec  ( 99.96%)
    CPU 93 idle for 156305.448  msec  ( 99.97%)
    CPU 94 idle for 156317.238  msec  ( 99.97%)
    CPU 95 idle for 156321.048  msec  ( 99.98%)
    CPU 96 idle for 156324.202  msec  ( 99.98%)
    CPU 97 idle for 156322.130  msec  ( 99.98%)
    CPU 98 idle for 156331.843  msec  ( 99.98%)
    CPU 99 idle for 156324.897  msec  ( 99.98%)
    CPU 100 idle for 156334.627  msec  ( 99.99%)
    CPU 101 idle for 156322.006  msec  ( 99.98%)
    CPU 102 idle for 156331.043  msec  ( 99.98%)
    CPU 103 idle for 156327.481  msec  ( 99.98%)
    CPU 104 idle for 156333.393  msec  ( 99.98%)
    CPU 105 idle for 156329.617  msec  ( 99.98%)
    CPU 106 idle for 156327.206  msec  ( 99.98%)
    CPU 107 idle for 156329.792  msec  ( 99.98%)
    CPU 108 idle for 154406.603  msec  ( 98.75%)
    CPU 109 idle for 156326.780  msec  ( 99.98%)
    CPU 110 idle for 156325.804  msec  ( 99.98%)
    CPU 111 idle for 155966.110  msec  ( 99.75%)

    Total number of unique tasks: 549
Total number of context switches: 5460707
           Total run time (msec): 372658.870 
    Total scheduling time (msec): 156357.082  (x 112)
