
Runtime summary
                          comm  parent   sched-in     run-time    min-run     avg-run     max-run  stddev  migrations
                                          (count)       (msec)     (msec)      (msec)      (msec)       %
---------------------------------------------------------------------------------------------------------------------
                    systemd[1]       0         15        2.521      0.137       0.168       0.271    7.22       0
             migration/40[257]       2         83        0.822      0.003       0.009       0.041    6.52       0
                   kthreadd[2]       0          2        0.144      0.071       0.072       0.072    0.49       0
             ksoftirqd/40[258]       2          1        0.017      0.017       0.017       0.017    0.00       0
             migration/83[515]       2         84        0.733      0.008       0.008       0.043    4.77       0
              agent[6659/3163]    3163          5        2.916      0.016       0.583       1.608   56.26       0
              agent[4358/3163]    3163          2        1.905      0.727       0.952       1.177   23.66       0
             migration/41[263]       2         83        0.752      0.003       0.009       0.041    4.55       0
          kworker/28:1-mm[775]       2        428       13.422      0.004       0.031       0.130    3.43       0
          kworker/30:1-ev[776]       2        371        7.809      0.003       0.021       0.116    4.58       0
             migration/84[521]       2         84        0.760      0.004       0.009       0.041    7.44       0
          kworker/29:1-mm[777]       2        484        8.188      0.001       0.016       0.148    4.70       0
            dockerd[4361/2411]    2411          2        2.731      0.995       1.365       1.735   27.08       0
           kworker/u224:0-[10]       2       2207     3261.538      0.014       1.477      41.902    1.72       0
          kworker/31:1-mm[778]       2         39        0.394      0.003       0.010       0.050   13.05       0
              irqbalance[2314]       1         33      298.202      8.942       9.036       9.348    0.14       0
         containerd[4362/2345]    2345          4        2.636      0.356       0.659       0.945   21.41       0
          kworker/32:1-mm[779]       2         42        0.376      0.003       0.008       0.025    9.39       0
          kworker/33:1-mm[780]       2        105        0.905      0.002       0.008       0.045    8.73       0
         jbd2/nvme0n1p2-[1548]       2        167        8.082      0.008       0.048       0.288    7.70       0
            dockerd[4364/2411]    2411          3        2.940      0.693       0.980       1.260   16.71       0
             migration/42[269]       2         83        0.775      0.003       0.009       0.041    4.33       0
          kworker/34:1-mm[781]       2         10        0.088      0.003       0.008       0.020   19.50       0
               ksoftirqd/0[14]       2         99        1.335      0.009       0.013       0.015    0.52       0
          kworker/35:1-mm[782]       2        170        3.071      0.003       0.018       0.066    4.79       0
                   gmond[2318]       1         38       16.050      0.054       0.422       1.661   14.63       0
                 rcu_sched[15]       2       1929       30.237      0.004       0.015       0.041    0.67       0
             migration/85[527]       2         84        0.551      0.002       0.006       0.041    7.89       0
          kworker/36:1-mm[783]       2         38        0.448      0.003       0.011       0.044    9.92       0
               migration/0[16]       2         83        0.754      0.008       0.009       0.041    5.14       0
          kworker/37:1-ev[784]       2         38        0.486      0.003       0.012       0.068   13.92       0
        kworker/79:0-ev[90640]       2         38        1.377      0.013       0.036       0.059    4.87       0
          kworker/38:1-mm[785]       2          7        0.067      0.003       0.009       0.018   20.93       0
         kworker/u226:0-[4625]       2         60       28.194      0.007       0.469       5.792   29.34       0
         containerd[5905/2345]    2345          5        1.832      0.009       0.366       1.593   83.86       0
          kworker/39:1-ev[786]       2          5        0.081      0.007       0.016       0.035   31.02       0
                rsyslogd[2322]       1          1        0.031      0.031       0.031       0.031    0.00       0
             migration/43[275]       2         83        0.615      0.003       0.007       0.042    6.83       0
          kworker/40:1-mm[787]       2         40        0.310      0.002       0.007       0.026   11.77       0
       kworker/64:1-mm[145427]       2          2        0.026      0.013       0.013       0.013    0.51       0
          kworker/41:1-mm[788]       2         11        0.069      0.003       0.006       0.013   15.33       0
                  screen[7700]       1          4        0.294      0.041       0.073       0.087   14.79       0
       kworker/61:2-mm[145428]       2          2        0.059      0.024       0.029       0.034   16.34       0
       kworker/u228:1-[571668]       2          1        0.010      0.010       0.010       0.010    0.00       0
             migration/86[533]       2         84        0.738      0.002       0.008       0.042   11.32       0
          kworker/42:1-mm[789]       2          7        0.057      0.003       0.008       0.015   22.45       0
            dockerd[4629/2411]    2411         40        3.886      0.036       0.097       0.844   25.56       0
               migration/1[22]       2         83        0.727      0.008       0.008       0.042    4.66       0
          kworker/43:1-mm[790]       2         34        0.486      0.003       0.014       0.040   11.79       0
          kworker/44:1-mm[791]       2          5        0.085      0.007       0.017       0.038   33.45       0
              snapd[2583/2327]    2327          3        0.946      0.099       0.315       0.499   36.89       0
          kworker/45:1-mm[792]       2        132        1.966      0.003       0.014       0.050    5.22       0
              snapd[2584/2327]    2327          2        0.399      0.166       0.199       0.232   16.66       0
             migration/44[281]       2         83        0.766      0.003       0.009       0.041    5.46       0
          kworker/46:1-ev[793]       2        231       10.706      0.003       0.046       0.101    3.55       0
          systemd-logind[2329]       1          2        0.243      0.109       0.121       0.133    9.94       0
              snapd[2585/2327]    2327          7        2.109      0.016       0.301       0.921   42.92       0
         kworker/82:0-ev[4633]       2        165        7.181      0.033       0.043       0.069    1.83       0
          kworker/47:1-mm[794]       2         16        0.167      0.003       0.010       0.016    9.02       0
             migration/87[539]       2         84        0.690      0.003       0.008       0.041    5.59       0
          kworker/48:1-mm[795]       2          6        0.039      0.003       0.006       0.010   19.30       0
               migration/2[28]       2         83        0.703      0.003       0.008       0.041    4.86       0
          kworker/49:1-mm[796]       2          8        0.108      0.003       0.013       0.034   28.89       0
          kworker/50:1-mm[797]       2          6        0.086      0.006       0.014       0.021   16.23       0
            dockerd[4381/2411]    2411         57       12.506      0.020       0.219       4.988   43.52       0
          kworker/51:1-mm[798]       2          6        0.066      0.007       0.011       0.024   24.71       0
             migration/45[287]       2         83        0.743      0.005       0.008       0.041    4.59       0
          kworker/52:1-mm[799]       2          4        0.089      0.018       0.022       0.025    7.85       0
         containerd[4383/2345]    2345          4        1.883      0.012       0.470       1.308   63.33       0
          kworker/53:1-mm[800]       2         12        0.167      0.003       0.013       0.061   33.61       0
              snapd[2592/2327]    2327          5        2.647      0.018       0.529       1.504   52.09       0
             migration/88[545]       2         84        0.504      0.003       0.006       0.041    8.26       0
            dockerd[4385/2411]    2411          2        2.505      0.661       1.252       1.843   47.17       0
               migration/3[34]       2         83        0.762      0.008       0.009       0.041    5.10       0
          kworker/55:1-mm[802]       2         86        1.999      0.004       0.023       0.051    5.31       0
    containerd-shim[4387/3143]    3143         79       10.053      0.007       0.127       1.007   20.38       0
             migration/46[293]       2         83        0.758      0.006       0.009       0.041    4.37       0
             migration/89[551]       2         84        0.723      0.003       0.008       0.041    4.99       0
               migration/4[40]       2         83        0.713      0.008       0.008       0.036    4.02       0
             migration/47[299]       2         83        0.712      0.003       0.008       0.042    5.36       0
          kworker/65:1-mm[811]       2          5        0.080      0.013       0.016       0.018    6.13       0
             migration/90[557]       2         84        0.625      0.003       0.007       0.017    3.74       0
               migration/5[46]       2         83        0.759      0.008       0.009       0.039    5.57       0
             migration/48[305]       2         83        0.772      0.003       0.009       0.041    4.41       0
            dockerd[4657/2411]    2411          2        2.612      1.042       1.306       1.570   20.22       0
             migration/91[563]       2         84        0.710      0.003       0.008       0.041    5.20       0
               migration/6[52]       2         83        0.705      0.008       0.008       0.022    1.98       0
             migration/49[311]       2         83        0.730      0.003       0.008       0.041    4.90       0
             migration/92[569]       2         84        0.676      0.003       0.008       0.040    5.58       0
               migration/7[58]       2         83        0.751      0.008       0.009       0.041    5.29       0
             migration/50[317]       2         83        0.716      0.003       0.008       0.041    5.13       0
          kworker/85:1-mm[830]       2        741       10.478      0.002       0.014       0.113    3.40       0
             migration/93[575]       2         84        0.754      0.003       0.008       0.041    4.42       0
          kworker/86:1-mm[831]       2        346        3.104      0.002       0.008       0.180    7.37       0
               migration/8[64]       2         83        0.711      0.008       0.008       0.040    4.55       0
          kworker/87:1-mm[832]       2        243        1.536      0.002       0.006       0.043    3.71       0
          kworker/88:1-mm[833]       2        222        1.569      0.002       0.007       0.041    4.60       0
          kworker/89:1-mm[834]       2        154        1.476      0.002       0.009       0.077    8.46       0
              agent[4674/3163]    3163          3        0.914      0.011       0.304       0.642   60.22       0
             migration/51[323]       2         83        0.751      0.003       0.009       0.041    7.88       0
          kworker/90:1-ev[835]       2        223        2.071      0.002       0.009       0.072    6.35       0
          kworker/91:1-mm[836]       2        111        1.038      0.002       0.009       0.049    7.28       0
       kworker/u225:0-[897860]       2        109        3.915      0.010       0.035       0.896   24.56       0
             migration/94[581]       2         84        0.665      0.003       0.007       0.040    5.80       0
          kworker/92:1-mm[837]       2        126        1.198      0.002       0.009       0.050    7.05       0
               migration/9[70]       2         83        0.721      0.008       0.008       0.041    4.58       0
          kworker/93:1-mm[838]       2         99        0.897      0.002       0.009       0.067    9.25       0
          kworker/94:1-mm[839]       2        115        1.103      0.002       0.009       0.044    7.76       0
          kworker/95:1-mm[840]       2        116        1.326      0.002       0.011       0.053    7.94       0
    containerd-shim[3144/3143]    3143         22        0.566      0.010       0.025       0.065   12.98       0
             migration/52[329]       2         83        0.768      0.006       0.009       0.041    4.32       0
          kworker/96:1-mm[841]       2         61        0.717      0.003       0.011       0.066   10.62       0
    containerd-shim[3145/3143]    3143         11        0.324      0.014       0.029       0.060   12.30       0
          kworker/97:1-mm[842]       2         74        0.931      0.003       0.012       0.099   11.92       0
    containerd-shim[3146/3143]    3143         11        1.223      0.007       0.111       0.764   62.25       0
             migration/95[587]       2         84        0.766      0.004       0.009       0.041    4.47       0
          kworker/98:1-mm[843]       2         71        0.881      0.002       0.012       0.046    9.36       0
              migration/10[76]       2         83        0.727      0.008       0.008       0.042    4.67       0
          kworker/99:1-ev[844]       2         44        0.348      0.002       0.007       0.040   13.98       0
              ksoftirqd/10[77]       2          1        0.012      0.012       0.012       0.012    0.00       0
          kworker/100:1-m[845]       2         65        0.557      0.003       0.008       0.018    7.78       0
          kworker/101:1-e[846]       2         20        0.334      0.003       0.016       0.027    9.82       0
             migration/53[335]       2         83        0.629      0.003       0.007       0.041    6.48       0
          kworker/102:1-m[847]       2          9        0.168      0.006       0.018       0.027   12.10       0
         kworker/66:1H-k[1615]       2          1        0.093      0.093       0.093       0.093    0.00       0
              snapd[2639/2327]    2327          3        2.168      0.320       0.722       1.083   30.59       0
    containerd-shim[3151/3143]    3143         40        8.642      0.007       0.216       0.875   18.98       0
          kworker/103:1-m[848]       2         59        0.497      0.002       0.008       0.046   11.55       0
         containerd[2384/2345]    2345       2783       62.906      0.005       0.022       0.055    0.72       0
             migration/96[593]       2         84        0.749      0.003       0.008       0.041    5.76       0
          kworker/104:1-m[849]       2        302        1.259      0.002       0.004       0.087    9.16       0
              migration/11[82]       2         83        0.724      0.008       0.008       0.042    4.76       0
          kworker/105:1-m[850]       2         52        0.409      0.002       0.007       0.019    9.32       0
         containerd[2386/2345]    2345        813       49.828      0.006       0.061       1.725    4.82       0
          kworker/106:1-m[851]       2         49        0.555      0.002       0.011       0.032    9.72       0
         containerd[2387/2345]    2345          5        3.423      0.010       0.684       1.264   40.42       0
          kworker/107:1-m[852]       2         38        0.484      0.003       0.012       0.044   14.12       0
              snapd[2644/2327]    2327          2        1.633      0.319       0.816       1.314   60.90       0
             migration/54[341]       2         83        0.782      0.003       0.009       0.043    4.58       0
          kworker/108:1-m[853]       2        139        2.711      0.002       0.019       0.064    5.81       0
              snapd[2645/2327]    2327          2        0.508      0.128       0.254       0.379   49.38       0
       kworker/u225:3-[906325]       2        137        3.895      0.007       0.028       0.146    6.16       0
          kworker/109:1-m[854]       2         34        0.288      0.003       0.008       0.023    9.73       0
              snapd[2646/2327]    2327          3        1.538      0.321       0.512       0.836   31.75       0
             migration/97[599]       2         84        0.700      0.003       0.008       0.040    5.30       0
          kworker/110:1-m[855]       2         43        0.483      0.003       0.011       0.041   10.27       0
         containerd[2391/2345]    2345        605       38.211      0.015       0.063       1.712    6.79       0
              migration/12[88]       2         83        0.724      0.008       0.008       0.041    4.63       0
          kworker/111:1-m[856]       2         57        1.081      0.002       0.018       0.095   11.27       0
         containerd[2394/2345]    2345          4        2.487      0.151       0.621       1.483   50.08       0
             migration/55[347]       2         84        0.811      0.006       0.009       0.045    6.13       0
         containerd[2395/2345]    2345          4        3.297      0.012       0.824       1.581   42.03       0
                   agent[3163]    3143          2        0.614      0.245       0.307       0.369   20.20       0
             ksoftirqd/55[348]       2          3        0.198      0.058       0.066       0.080   10.80       0
         containerd[2396/2345]    2345          4        2.618      0.044       0.654       1.465   48.80       0
             migration/98[605]       2         84        0.618      0.003       0.007       0.041    6.61       0
         containerd[2397/2345]    2345        316       18.960      0.011       0.060       1.769   12.89       0
              migration/13[94]       2         83        0.718      0.008       0.008       0.039    4.41       0
         kworker/35:1H-k[1374]       2         18        1.700      0.055       0.094       0.124    4.59       0
         containerd[2398/2345]    2345          3        2.155      0.048       0.718       1.364   52.90       0
         systemd-journal[1631]       1          4        0.419      0.071       0.104       0.187   26.29       0
         containerd[2399/2345]    2345          4        1.892      0.042       0.473       0.970   49.08       0
       docker-proxy[2911/2887]    2887         10        0.255      0.022       0.025       0.038    6.07       0
          kworker/0:1H-kb[864]       2          2        0.071      0.029       0.035       0.041   16.84       0
             migration/56[353]       2         83        0.735      0.008       0.008       0.039    4.25       0
         containerd[5729/2345]    2345        497       30.205      0.006       0.060       1.889    7.35       0
                  sudo[906594]    7701          4        0.271      0.037       0.067       0.104   20.49       0
             migration/99[611]       2         84        0.530      0.003       0.006       0.041    7.77       0
        kworker/u228:0-[45667]       2          8        0.160      0.009       0.020       0.045   24.67       0
             migration/14[100]       2         83        0.792      0.008       0.009       0.041    6.13       0
                  perf[906596]   906595        544     1671.751      0.000       3.073       9.696    3.09       0
             migration/57[359]       2         83        0.715      0.008       0.008       0.041    4.60       0
         containerd[2407/2345]    2345          3        0.976      0.055       0.325       0.634   51.67       0
         containerd[2408/2345]    2345          5        2.861      0.037       0.572       1.197   39.66       0
              snapd[2664/2327]    2327          9        5.162      0.012       0.573       2.520   47.74       0
           perf[906600/906596]   906596        328       34.856      0.079       0.106       0.760    2.04       0
            migration/100[617]       2         84        0.653      0.003       0.007       0.041    6.48       0
              agent[4457/3163]    3163          3        2.309      0.049       0.769       1.462   52.99       0
             migration/15[106]       2         83        0.754      0.008       0.009       0.042    5.55       0
              snapd[2666/2327]    2327          3        0.674      0.057       0.224       0.349   38.72       0
             migration/58[365]       2         83        0.722      0.008       0.008       0.040    4.47       0
         containerd[4461/2345]    2345       1122       66.340      0.004       0.059       1.980    4.28       0
              snapd[2670/2327]    2327          3        2.395      0.219       0.798       1.834   65.02       0
            migration/101[623]       2         84        0.791      0.007       0.009       0.040    5.18       0
             migration/16[112]       2         83        0.754      0.008       0.009       0.042    5.36       0
              snapd[2674/2327]    2327          6        2.731      0.024       0.455       1.281   50.03       0
             migration/59[371]       2         83        0.721      0.008       0.008       0.041    4.66       0
              snapd[2675/2327]    2327          9        1.993      0.011       0.221       0.941   50.79       0
            migration/102[629]       2         84        0.769      0.007       0.009       0.041    4.25       0
            dockerd[2421/2411]    2411        366        6.570      0.006       0.017       0.039    2.36       0
            dockerd[2677/2411]    2411          8        2.189      0.010       0.273       1.145   54.76       0
         kworker/60:0-mm[5749]       2          4        0.081      0.015       0.020       0.029   15.92       0
             migration/17[118]       2         83        0.728      0.008       0.008       0.041    4.53       0
          kworker/u224:1-[886]       2         24        0.280      0.008       0.011       0.028    6.32       0
       docker-proxy[2934/2924]    2924         10        0.193      0.010       0.019       0.033   12.14       0
            dockerd[2679/2411]    2411         50        6.866      0.018       0.137       2.148   37.41       0
            dockerd[2424/2411]    2411        113        6.916      0.022       0.061       0.326    6.34       0
             migration/60[377]       2         83        0.725      0.008       0.008       0.040    4.45       0
             ksoftirqd/60[378]       2          1        0.011      0.011       0.011       0.011    0.00       0
            migration/103[635]       2         84        0.625      0.003       0.007       0.041    6.51       0
            dockerd[2427/2411]    2411          2        1.679      0.550       0.839       1.128   34.44       0
             migration/18[124]       2         83        0.725      0.008       0.008       0.042    4.71       0
            dockerd[2428/2411]    2411          2        2.721      1.353       1.360       1.367    0.52       0
            dockerd[2429/2411]    2411         81        7.465      0.009       0.092       1.465   22.77       0
             migration/61[383]       2         83        0.687      0.008       0.008       0.012    0.63       0
                 rpcbind[2175]       1         11        0.283      0.024       0.025       0.030    1.85       0
            migration/104[641]       2         84        0.625      0.003       0.007       0.040    6.40       0
             migration/19[130]       2         83        0.744      0.008       0.008       0.041    5.30       0
              agent[4482/3163]    3163          2        0.143      0.061       0.071       0.081   13.74       0
              agent[4483/3163]    3163         43       15.115      0.008       0.351       4.619   38.28       0
              multipathd[1668]       1        328        4.423      0.005       0.013       0.022    2.67       0
    containerd-shim[4228/3143]    3143         61       10.630      0.007       0.174       0.719   14.78       0
             migration/62[389]       2         83        0.720      0.008       0.008       0.040    4.52       0
         systemd-timesyn[2182]       1          4        0.706      0.111       0.176       0.264   19.40       0
            migration/105[647]       2         84        1.295      0.003       0.015       0.041    9.01       0
            dockerd[2695/2411]    2411          2        0.316      0.144       0.158       0.171    8.59       0
             migration/20[136]       2         83        0.725      0.008       0.008       0.041    4.60       0
          kworker/3:2-mm_[904]       2          4        0.222      0.007       0.055       0.105   39.21       0
          kworker/4:2-mm_[905]       2          9        0.289      0.013       0.032       0.047   11.77       0
          kworker/5:2-mm_[906]       2         35        1.387      0.013       0.039       0.059    4.41       0
            agent[568202/3163]    3163          3        3.435      0.037       1.145       1.768   48.51       0
       kworker/u225:1-[897930]       2       2732       89.696      0.004       0.032       4.770   11.62       0
             migration/63[395]       2         83        0.765      0.005       0.009       0.041    5.74       0
          kworker/6:2-mm_[907]       2          2        0.036      0.014       0.018       0.022   22.61       0
         multipathd[1675/1668]    1668         11        0.244      0.019       0.022       0.039    7.98       0
         multipathd[1676/1668]    1668        328       10.609      0.014       0.032       0.056    1.05       0
            migration/106[653]       2         84        0.520      0.003       0.006       0.041    8.00       0
          kworker/8:2-eve[909]       2        164        5.683      0.031       0.034       0.054    0.80       0
             migration/21[142]       2         83        0.766      0.008       0.009       0.041    5.79       0
          kworker/11:2-mm[912]       2         12        0.506      0.013       0.042       0.101   18.64       0
             migration/64[401]       2         83        0.721      0.008       0.008       0.039    4.37       0
          kworker/12:2-ev[913]       2          4        0.080      0.009       0.020       0.039   32.54       0
          kworker/13:2-mm[914]       2          9        0.195      0.013       0.021       0.053   18.95       0
            migration/107[659]       2         84        0.529      0.003       0.006       0.041    7.96       0
             migration/22[148]       2         83        0.721      0.008       0.008       0.042    4.76       0
              agent[4246/3163]    3163        411        3.678      0.004       0.008       0.043    3.02       0
             migration/65[407]       2         84        0.726      0.008       0.008       0.042    4.66       0
              agent[4247/3163]    3163          3        1.786      0.044       0.595       1.003   48.00       0
              gmond[3992/2318]    2318       3278       72.630      0.019       0.022       0.047    0.24       0
              agent[4248/3163]    3163         42        5.903      0.012       0.140       1.707   31.50       0
            migration/108[665]       2         84        0.786      0.004       0.009       0.041    5.13       0
             migration/23[154]       2         83        0.771      0.008       0.009       0.042    5.81       0
                  munged[3994]       1          6        0.280      0.016       0.046       0.075   20.70       0
              agent[4250/3163]    3163          2        2.388      1.106       1.194       1.282    7.36       0
             munged[3995/3994]    3994          6        1.204      0.189       0.200       0.230    3.16       0
              agent[4251/3163]    3163         39       15.414      0.009       0.395       8.041   53.51       0
             munged[3996/3994]    3994          3        0.560      0.088       0.186       0.260   27.36       0
              agent[4252/3163]    3163          7        3.042      0.050       0.434       1.300   42.19       0
             migration/66[413]       2         84        0.725      0.007       0.008       0.041    4.62       0
             munged[3997/3994]    3994          3        0.472      0.114       0.157       0.198   15.42       0
          kworker/25:2-ev[926]       2        164       21.857      0.132       0.133       0.153    0.14       0
              agent[4254/3163]    3163          2        0.384      0.062       0.192       0.321   67.53       0
            migration/109[671]       2         83        0.558      0.003       0.006       0.041    7.47       0
                  sshd[897951]   897932          4        0.367      0.063       0.091       0.103   10.32       0
             migration/24[160]       2         83        0.726      0.008       0.008       0.042    4.70       0
            dockerd[4256/2411]    2411          1        1.489      1.489       1.489       1.489    0.00       0
            dockerd[4257/2411]    2411          2        1.965      0.311       0.982       1.653   68.28       0
             migration/67[419]       2         84        0.731      0.008       0.008       0.041    4.49       0
            migration/110[677]       2         83        0.729      0.003       0.008       0.040    6.01       0
         kworker/u226:1-[1189]       2         46        1.421      0.003       0.030       0.275   25.62       0
           systemd-udevd[1701]       1          3        0.521      0.158       0.173       0.200    7.77       0
             migration/25[166]       2         83        0.728      0.008       0.008       0.042    4.64       0
                  slurmd[4006]       1          2        0.260      0.127       0.130       0.132    1.78       0
             migration/68[425]       2         84        0.736      0.008       0.008       0.041    4.48       0
            migration/111[683]       2         82        0.696      0.003       0.008       0.011    2.12       0
             migration/26[172]       2         83        1.097      0.008       0.013       0.042    7.68       0
        kworker/u226:2[909997]       2       1402     5083.011      0.004       3.625      78.464    5.99       0
             migration/69[431]       2         84        0.716      0.008       0.008       0.018    1.40       0
             migration/27[178]       2         83        0.735      0.008       0.008       0.041    4.56       0
          kworker/0:2-kac[690]       2       1293      282.852      0.010       0.218       0.597    2.69       0
               khungtaskd[691]       2          3        0.514      0.137       0.171       0.202   11.00       0
             migration/70[437]       2         84        0.727      0.006       0.008       0.042    4.65       0
              agent[4277/3163]    3163          3        0.422      0.020       0.140       0.378   84.67       0
               kcompactd0[694]       2        641        9.006      0.007       0.014       0.041    1.86       0
              agent[4278/3163]    3163          4        2.427      0.103       0.606       1.875   69.83       0
               kcompactd1[695]       2        641        8.942      0.004       0.013       0.047    1.92       0
             migration/28[184]       2         83        0.700      0.002       0.008       0.044    6.17       0
             ksoftirqd/28[185]       2          1        0.041      0.041       0.041       0.041    0.00       0
               khugepaged[697]       2         67        2.537      0.006       0.037       0.103    7.59       0
             migration/71[443]       2         84        0.731      0.008       0.008       0.041    4.58       0
              agent[4541/3163]    3163          2        2.136      1.005       1.068       1.131    5.86       0
          kworker/57:2-ev[958]       2         95        2.823      0.009       0.029       0.033    1.29       0
             migration/29[191]       2         83        0.550      0.002       0.006       0.041    7.80       0
        kworker/u229:1[910015]       2          2        0.040      0.015       0.020       0.025   22.44       0
             ksoftirqd/29[192]       2          1        0.018      0.018       0.018       0.018    0.00       0
          kworker/59:2-mm[960]       2          1        0.008      0.008       0.008       0.008    0.00       0
         kworker/12:1H-k[1216]       2          1        0.064      0.064       0.064       0.064    0.00       0
             migration/72[449]       2         84        0.726      0.008       0.008       0.042    4.68       0
         kworker/33:1H-k[6338]       2         22        0.462      0.014       0.021       0.033    3.81       0
         kworker/108:1H-[1476]       2       1310       35.067      0.007       0.026       0.118    1.44       0
             migration/30[197]       2         83        0.549      0.002       0.006       0.041    8.52       0
             migration/73[455]       2         84        0.716      0.007       0.008       0.041    4.69       0
              snapd[2505/2327]    2327         17        0.446      0.011       0.026       0.068   15.12       0
    containerd-shim[4297/3143]    3143         47        9.272      0.007       0.197       0.850   19.44       0
         containerd[4298/2345]    2345          4        3.329      0.396       0.832       1.262   21.59       0
             migration/31[203]       2         83        0.862      0.003       0.010       0.041    8.19       0
              snapd[2507/2327]    2327          2        1.773      0.332       0.886       1.441   62.52       0
          kworker/71:2-ev[972]       2        164       11.615      0.061       0.070       0.093    0.82       0
             migration/74[461]       2         84        0.722      0.007       0.008       0.042    4.71       0
          kworker/72:2-mm[973]       2          3        0.120      0.032       0.040       0.047   11.06       0
            dockerd[4303/2411]    2411          2        2.279      1.137       1.139       1.141    0.17       0
         kworker/66:0-ev[5839]       2       1402       17.094      0.009       0.012       0.033    1.16       0
            dockerd[4304/2411]    2411          3        1.086      0.051       0.362       0.980   85.36       0
             migration/32[209]       2         83        0.649      0.003       0.007       0.042    6.60       0
              agent[4305/3163]    3163          4        1.793      0.006       0.448       1.274   66.61       0
              agent[4561/3163]    3163          5        2.043      0.027       0.408       1.255   58.89       0
         kworker/62:1-ev[6609]       2        167       22.130      0.014       0.132       0.157    0.91       0
              agent[4306/3163]    3163          3        2.784      0.028       0.928       1.781   54.60       0
             migration/75[467]       2         84        0.730      0.008       0.008       0.041    4.60       0
              agent[4307/3163]    3163          3        2.266      0.033       0.755       1.330   50.49       0
         kworker/63:0-ev[5331]       2        116        3.757      0.005       0.032       0.080    2.12       0
         containerd[4308/2345]    2345        323       21.324      0.023       0.066       1.571    8.22       0
                screen[906453]   897952         22        0.747      0.031       0.033       0.052    3.93       0
          kworker/81:2-ev[982]       2          6        0.211      0.013       0.035       0.064   18.71       0
             migration/33[215]       2         83        0.780      0.004       0.009       0.042    4.57       0
             migration/76[473]       2         84        0.730      0.008       0.008       0.042    4.65       0
         systemd-network[2266]       1         51        7.142      0.026       0.140       0.389   11.48       0
         containerd[4571/2345]    2345        557       32.403      0.020       0.058       1.771    5.72       0
         systemd-resolve[2268]       1          3        0.388      0.115       0.129       0.137    5.38       0
             migration/34[221]       2         83        0.674      0.003       0.008       0.038    5.53       0
             migration/77[479]       2         84        0.733      0.008       0.008       0.041    4.57       0
             migration/35[227]       2         83        0.714      0.003       0.008       0.041    5.30       0
             migration/78[485]       2         84        0.735      0.008       0.008       0.040    4.44       0
         kworker/80:0-ev[4837]       2        165       12.901      0.038       0.078       0.127    0.66       0
            dockerd[4326/2411]    2411          2        1.323      0.415       0.661       0.907   37.19       0
             migration/36[233]       2         83        0.724      0.003       0.008       0.041    5.07       0
         containerd[4329/2345]    2345          4        3.243      0.038       0.810       1.442   45.37       0
            dockerd[4330/2411]    2411          2        2.284      0.543       1.142       1.740   52.40       0
             migration/79[491]       2         84        0.736      0.008       0.008       0.039    4.27       0
          kworker/56:1-mm[747]       2          2        0.069      0.033       0.034       0.035    2.47       0
            dockerd[4331/2411]    2411         33        8.180      0.008       0.247       1.788   28.89       0
         containerd[4332/2345]    2345          3        1.774      0.374       0.591       0.880   25.45       0
            dockerd[4333/2411]    2411          7        3.456      0.057       0.493       0.889   25.15       0
        kworker/10:1-ev[49133]       2          4        0.163      0.033       0.040       0.056   13.08       0
            dockerd[4334/2411]    2411        120        8.827      0.008       0.073       1.252   16.02       0
             migration/37[239]       2         83        0.766      0.004       0.009       0.041    4.34       0
             migration/80[497]       2         84        0.724      0.008       0.008       0.042    4.70       0
             ksoftirqd/80[498]       2         10        0.101      0.009       0.010       0.011    1.03       0
              snapd[2546/2327]    2327          2        1.891      0.632       0.945       1.258   33.12       0
              snapd[2547/2327]    2327          3        2.442      0.328       0.814       1.468   41.75       0
             migration/38[245]       2         83        0.694      0.003       0.008       0.041    5.51       0
              snapd[2550/2327]    2327          8        3.444      0.027       0.430       1.562   50.21       0
             migration/81[503]       2         84        0.731      0.008       0.008       0.041    4.53       0
          kworker/u229:0[1015]       2          2        0.096      0.024       0.048       0.072   49.57       0
       kworker/2:0-mm_[674039]       2          9        0.216      0.005       0.024       0.054   27.06       0
             migration/39[251]       2         83        0.778      0.003       0.009       0.042    4.36       0
                    cron[2300]       1          5        0.293      0.055       0.058       0.068    4.34       0
             migration/82[509]       2         84        0.726      0.008       0.008       0.041    4.59       0
             dbus-daemon[2302]       1          1        0.131      0.131       0.131       0.131    0.00       0
                :-1[-1/906599]      -1       3410    14035.885      0.009       4.116     333.842    8.06       0

Terminated tasks:
          lcpan[907531/906599]   906599          1        3.381      3.381       3.381       3.381    0.00       0
          lcpan[907535/906599]   906599          1       39.180     39.180      39.180      39.180    0.00       0
          lcpan[907793/906599]   906599          1        0.072      0.072       0.072       0.072    0.00       0
          lcpan[907539/906599]   906599          1        1.559      1.559       1.559       1.559    0.00       0
          lcpan[907542/906599]   906599          1        3.236      3.236       3.236       3.236    0.00       0
          lcpan[907543/906599]   906599          1        0.797      0.797       0.797       0.797    0.00       0
          lcpan[908576/906599]   906599          1        1.505      1.505       1.505       1.505    0.00       0
          lcpan[908578/906599]   906599          1        0.168      0.168       0.168       0.168    0.00       0
          lcpan[908584/906599]   906599          1       20.993     20.993      20.993      20.993    0.00       0
          lcpan[908585/906599]   906599          1        2.578      2.578       2.578       2.578    0.00       0
          lcpan[908587/906599]   906599          1        3.691      3.691       3.691       3.691    0.00       0
          lcpan[909613/906599]   906599          1        0.301      0.301       0.301       0.301    0.00       0
          lcpan[908084/906599]   906599          1        0.058      0.058       0.058       0.058    0.00       0
          lcpan[909635/906599]   906599          1        0.048      0.048       0.048       0.048    0.00       0
          lcpan[907332/906599]   906599          1       33.898     33.898      33.898      33.898    0.00       0
          lcpan[907588/906599]   906599          1        1.089      1.089       1.089       1.089    0.00       0
          lcpan[907079/906599]   906599          1        2.943      2.943       2.943       2.943    0.00       0
          lcpan[907592/906599]   906599          1        0.023      0.023       0.023       0.023    0.00       0
          lcpan[909128/906599]   906599          1        0.045      0.045       0.045       0.045    0.00       0
          lcpan[908361/906599]   906599          1        3.976      3.976       3.976       3.976    0.00       0
          lcpan[908363/906599]   906599          1        1.383      1.383       1.383       1.383    0.00       0
          lcpan[907089/906599]   906599          1        1.632      1.632       1.632       1.632    0.00       0
          lcpan[909393/906599]   906599          1        1.799      1.799       1.799       1.799    0.00       0
          lcpan[907090/906599]   906599          1        1.593      1.593       1.593       1.593    0.00       0
          lcpan[907105/906599]   906599          1        1.599      1.599       1.599       1.599    0.00       0
          lcpan[909665/906599]   906599          1        2.599      2.599       2.599       2.599    0.00       0
          lcpan[907364/906599]   906599          1        2.389      2.389       2.389       2.389    0.00       0
                  main[906599]   906596      23514   128081.780      0.002       5.447    1463.492    4.69       0
          lcpan[908135/906599]   906599          1        5.125      5.125       5.125       5.125    0.00       0
          lcpan[908144/906599]   906599          1        1.000      1.000       1.000       1.000    0.00       0
          lcpan[908660/906599]   906599          1        1.175      1.175       1.175       1.175    0.00       0
          lcpan[907125/906599]   906599          1        3.845      3.845       3.845       3.845    0.00       0
          lcpan[907895/906599]   906599          1        2.160      2.160       2.160       2.160    0.00       0
          lcpan[906617/906599]   906599          1       17.160     17.160      17.160      17.160    0.00       0
          lcpan[907129/906599]   906599          1        0.451      0.451       0.451       0.451    0.00       0
          lcpan[907898/906599]   906599          1        0.548      0.548       0.548       0.548    0.00       0
          lcpan[909691/906599]   906599          1        0.046      0.046       0.046       0.046    0.00       0
          lcpan[907644/906599]   906599          1        0.073      0.073       0.073       0.073    0.00       0
          lcpan[907906/906599]   906599          1        0.663      0.663       0.663       0.663    0.00       0
          lcpan[907395/906599]   906599          1        1.394      1.394       1.394       1.394    0.00       0
          lcpan[906629/906599]   906599          1        0.368      0.368       0.368       0.368    0.00       0
          lcpan[907403/906599]   906599          1        1.346      1.346       1.346       1.346    0.00       0
          lcpan[909708/906599]   906599          1       15.031     15.031      15.031      15.031    0.00       0
          lcpan[907405/906599]   906599          1        9.637      9.637       9.637       9.637    0.00       0
          lcpan[907163/906599]   906599          1        0.122      0.122       0.122       0.122    0.00       0
          lcpan[908444/906599]   906599          1        0.802      0.802       0.802       0.802    0.00       0
          lcpan[908447/906599]   906599          1        2.635      2.635       2.635       2.635    0.00       0
          lcpan[907432/906599]   906599          1        0.179      0.179       0.179       0.179    0.00       0
       worker-1[909996/906599]   906599    1617504   213607.475      0.001       0.132    1155.914    4.11       0
           slurmd[909998/4006]    4006          8        0.674      0.015       0.084       0.291   40.89       0
                  runc[909999]    4331          7        5.968      0.005       0.852       4.532   74.72       0
          lcpan[908208/906599]   906599          1        1.602      1.602       1.602       1.602    0.00       0
           runc[910000/909999]   909999         15        0.222      0.002       0.014       0.105   45.71       0
           runc[910001/909999]   909999          4        0.330      0.018       0.082       0.224   58.63       0
           runc[910002/909999]   909999          5        0.163      0.006       0.032       0.080   40.58       0
          lcpan[908211/906599]   906599          1        1.777      1.777       1.777       1.777    0.00       0
           runc[910003/909999]   910001          3        0.171      0.020       0.057       0.120   55.20       0
           runc[910004/909999]   909999          1        0.088      0.088       0.088       0.088    0.00       0
          lcpan[907189/906599]   906599          1        3.551      3.551       3.551       3.551    0.00       0
           docker-init[910005]    4381          1        0.480      0.480       0.480       0.480    0.00       0
          lcpan[907702/906599]   906599          1        0.544      0.544       0.544       0.544    0.00       0
                  runc[910006]    2429          8        3.487      0.004       0.435       2.196   63.54       0
           runc[910007/910006]   910006         17        0.097      0.002       0.005       0.038   36.12       0
           runc[910008/910006]   910006          1        0.109      0.109       0.109       0.109    0.00       0
           runc[910009/910006]   910006          3        0.144      0.027       0.048       0.080   34.23       0
          lcpan[907706/906599]   906599          1        0.535      0.535       0.535       0.535    0.00       0
           runc[910010/910006]   910008          4        0.189      0.023       0.047       0.071   25.56       0
           runc[910011/910006]   910006          1        0.082      0.082       0.082       0.082    0.00       0
          lcpan[908988/906599]   906599          1        2.876      2.876       2.876       2.876    0.00       0
           docker-init[910012]    2429          1        0.282      0.282       0.282       0.282    0.00       0
  journal-offline[910013/1631]    1631          2        0.123      0.013       0.061       0.110   78.86       0
  journal-offline[910014/1631]    1631          2        0.114      0.008       0.057       0.106   85.93       0
           slurmd[910016/4006]    4006          4        0.433      0.041       0.108       0.211   36.23       0
          lcpan[907715/906599]   906599          1        1.853      1.853       1.853       1.853    0.00       0
          lcpan[908996/906599]   906599          1        2.021      2.021       2.021       2.021    0.00       0
          lcpan[908997/906599]   906599          1       24.591     24.591      24.591      24.591    0.00       0
          lcpan[907719/906599]   906599          1        3.137      3.137       3.137       3.137    0.00       0
          lcpan[908233/906599]   906599          1        0.408      0.408       0.408       0.408    0.00       0
          lcpan[909003/906599]   906599          1        0.073      0.073       0.073       0.073    0.00       0
          lcpan[909772/906599]   906599          1        1.997      1.997       1.997       1.997    0.00       0
          lcpan[909778/906599]   906599          1        0.585      0.585       0.585       0.585    0.00       0
          lcpan[908512/906599]   906599          1        2.641      2.641       2.641       2.641    0.00       0
          lcpan[909792/906599]   906599          1       26.519     26.519      26.519      26.519    0.00       0
          lcpan[909793/906599]   906599          1        3.598      3.598       3.598       3.598    0.00       0
          lcpan[908514/906599]   906599          1       26.921     26.921      26.921      26.921    0.00       0
          lcpan[909028/906599]   906599          1        3.347      3.347       3.347       3.347    0.00       0
          lcpan[908261/906599]   906599          1        1.657      1.657       1.657       1.657    0.00       0
          lcpan[908262/906599]   906599          1        0.574      0.574       0.574       0.574    0.00       0
          lcpan[907239/906599]   906599          1      105.473    105.473     105.473     105.473    0.00       0
          lcpan[908263/906599]   906599          1        1.488      1.488       1.488       1.488    0.00       0
          lcpan[908268/906599]   906599          1        0.375      0.375       0.375       0.375    0.00       0
          lcpan[909043/906599]   906599          1       81.047     81.047      81.047      81.047    0.00       0
          lcpan[907255/906599]   906599          1        0.319      0.319       0.319       0.319    0.00       0
          lcpan[908284/906599]   906599          1        1.128      1.128       1.128       1.128    0.00       0
          lcpan[908796/906599]   906599          1        3.821      3.821       3.821       3.821    0.00       0
          lcpan[907261/906599]   906599          1        0.024      0.024       0.024       0.024    0.00       0

Idle stats:
    CPU  0 idle for 327912.959  msec  ( 99.91%)
    CPU  1 idle for 328196.267  msec  ( 99.99%)
    CPU  2 idle for 328156.604  msec  ( 99.98%)
    CPU  3 idle for 328194.723  msec  ( 99.99%)
    CPU  4 idle for 328181.321  msec  ( 99.99%)
    CPU  5 idle for 328196.512  msec  ( 99.99%)
    CPU  6 idle for 328198.073  msec  ( 99.99%)
    CPU  7 idle for 328198.031  msec  ( 99.99%)
    CPU  8 idle for 328192.230  msec  ( 99.99%)
    CPU  9 idle for 328197.974  msec  ( 99.99%)
    CPU 10 idle for 328174.265  msec  ( 99.99%)
    CPU 11 idle for 328196.964  msec  ( 99.99%)
    CPU 12 idle for 328195.033  msec  ( 99.99%)
    CPU 13 idle for 328181.825  msec  ( 99.99%)
    CPU 14 idle for 328197.664  msec  ( 99.99%)
    CPU 15 idle for 328197.384  msec  ( 99.99%)
    CPU 16 idle for 328192.939  msec  ( 99.99%)
    CPU 17 idle for 328197.589  msec  ( 99.99%)
    CPU 18 idle for 328197.550  msec  ( 99.99%)
    CPU 19 idle for 328193.920  msec  ( 99.99%)
    CPU 20 idle for 328197.468  msec  ( 99.99%)
    CPU 21 idle for 328197.384  msec  ( 99.99%)
    CPU 22 idle for 328124.755  msec  ( 99.97%)
    CPU 23 idle for 328196.890  msec  ( 99.99%)
    CPU 24 idle for 328194.679  msec  ( 99.99%)
    CPU 25 idle for 327876.795  msec  ( 99.90%)
    CPU 26 idle for 328196.832  msec  ( 99.99%)
    CPU 27 idle for 328197.155  msec  ( 99.99%)
    CPU 28 idle for 223051.353  msec  ( 67.96%)
    CPU 29 idle for 252777.142  msec  ( 77.02%)
    CPU 30 idle for 216907.141  msec  ( 66.09%)
    CPU 31 idle for 328187.360  msec  ( 99.99%)
    CPU 32 idle for 328188.808  msec  ( 99.99%)
    CPU 33 idle for 328144.648  msec  ( 99.98%)
    CPU 34 idle for 328192.929  msec  ( 99.99%)
    CPU 35 idle for 328167.132  msec  ( 99.99%)
    CPU 36 idle for 328177.117  msec  ( 99.99%)
    CPU 37 idle for 328141.761  msec  ( 99.98%)
    CPU 38 idle for 328196.016  msec  ( 99.99%)
    CPU 39 idle for 328190.504  msec  ( 99.99%)
    CPU 40 idle for 328189.028  msec  ( 99.99%)
    CPU 41 idle for 328194.337  msec  ( 99.99%)
    CPU 42 idle for 328190.903  msec  ( 99.99%)
    CPU 43 idle for 328173.592  msec  ( 99.99%)
    CPU 44 idle for 328177.410  msec  ( 99.99%)
    CPU 45 idle for 324892.444  msec  ( 98.99%)
    CPU 46 idle for 328128.814  msec  ( 99.97%)
    CPU 47 idle for 328183.823  msec  ( 99.99%)
    CPU 48 idle for 328191.414  msec  ( 99.99%)
    CPU 49 idle for 328194.794  msec  ( 99.99%)
    CPU 50 idle for 328194.153  msec  ( 99.99%)
    CPU 51 idle for 328195.751  msec  ( 99.99%)
    CPU 52 idle for 328193.613  msec  ( 99.99%)
    CPU 53 idle for 328187.155  msec  ( 99.99%)
    CPU 54 idle for 328196.181  msec  ( 99.99%)
    CPU 55 idle for 326914.061  msec  ( 99.60%)
    CPU 56 idle for 328195.560  msec  ( 99.99%)
    CPU 57 idle for 328189.383  msec  ( 99.99%)
    CPU 58 idle for 328196.079  msec  ( 99.99%)
    CPU 59 idle for 328196.037  msec  ( 99.99%)
    CPU 60 idle for 328195.653  msec  ( 99.99%)
    CPU 61 idle for 328195.511  msec  ( 99.99%)
    CPU 62 idle for 328173.826  msec  ( 99.99%)
    CPU 63 idle for 328153.833  msec  ( 99.98%)
    CPU 64 idle for 328192.467  msec  ( 99.99%)
    CPU 65 idle for 328193.527  msec  ( 99.99%)
    CPU 66 idle for 328088.997  msec  ( 99.96%)
    CPU 67 idle for 328195.841  msec  ( 99.99%)
    CPU 68 idle for 328194.194  msec  ( 99.99%)
    CPU 69 idle for 328195.873  msec  ( 99.99%)
    CPU 70 idle for 328191.252  msec  ( 99.99%)
    CPU 71 idle for 328184.184  msec  ( 99.99%)
    CPU 72 idle for 328194.942  msec  ( 99.99%)
    CPU 73 idle for 328195.744  msec  ( 99.99%)
    CPU 74 idle for 328195.704  msec  ( 99.99%)
    CPU 75 idle for 328195.658  msec  ( 99.99%)
    CPU 76 idle for 328195.625  msec  ( 99.99%)
    CPU 77 idle for 328195.585  msec  ( 99.99%)
    CPU 78 idle for 328195.526  msec  ( 99.99%)
    CPU 79 idle for 328191.331  msec  ( 99.99%)
    CPU 80 idle for 328182.434  msec  ( 99.99%)
    CPU 81 idle for 328194.759  msec  ( 99.99%)
    CPU 82 idle for 328187.437  msec  ( 99.99%)
    CPU 83 idle for 328195.075  msec  ( 99.99%)
    CPU 84 idle for 328193.294  msec  ( 99.99%)
    CPU 85 idle for 264413.847  msec  ( 80.56%)
    CPU 86 idle for 327786.637  msec  ( 99.87%)
    CPU 87 idle for 328139.507  msec  ( 99.98%)
    CPU 88 idle for 328149.447  msec  ( 99.98%)
    CPU 89 idle for 328108.871  msec  ( 99.97%)
    CPU 90 idle for 328139.010  msec  ( 99.98%)
    CPU 91 idle for 328184.452  msec  ( 99.99%)
    CPU 92 idle for 328166.822  msec  ( 99.99%)
    CPU 93 idle for 328146.490  msec  ( 99.98%)
    CPU 94 idle for 328182.402  msec  ( 99.99%)
    CPU 95 idle for 328178.599  msec  ( 99.99%)
    CPU 96 idle for 328188.787  msec  ( 99.99%)
    CPU 97 idle for 328187.520  msec  ( 99.99%)
    CPU 98 idle for 328185.297  msec  ( 99.99%)
    CPU 99 idle for 328193.026  msec  ( 99.99%)
    CPU 100 idle for 328187.196  msec  ( 99.99%)
    CPU 101 idle for 328183.654  msec  ( 99.99%)
    CPU 102 idle for 328185.190  msec  ( 99.99%)
    CPU 103 idle for 328188.980  msec  ( 99.99%)
    CPU 104 idle for 328181.846  msec  ( 99.99%)
    CPU 105 idle for 328188.698  msec  ( 99.99%)
    CPU 106 idle for 328192.057  msec  ( 99.99%)
    CPU 107 idle for 328192.530  msec  ( 99.99%)
    CPU 108 idle for 323065.666  msec  ( 98.43%)
    CPU 109 idle for 328191.437  msec  ( 99.99%)
    CPU 110 idle for 328171.796  msec  ( 99.99%)
    CPU 111 idle for 327785.093  msec  ( 99.87%)

    Total number of unique tasks: 446
Total number of context switches: 3372286
           Total run time (msec): 368096.581 
    Total scheduling time (msec): 328215.008  (x 112)
